25
0.117741337718
5988	212
5989	212
5982	212
5983	212
5980	212
5981	212
5986	212
5987	212
5984	212
5985	212
6796	212
6797	212
6794	212
6795	212
6792	212
6793	212
6790	212
6791	212
6798	212
6799	212
2147	212
270	248
271	248
272	248
273	248
274	212
275	248
276	248
277	248
278	248
279	248
2146	212
3282	248
3519	212
3518	212
3513	212
3512	212
3511	212
3510	212
3517	212
3516	212
3515	212
3514	212
2688	212
2689	212
2684	212
2685	212
2686	212
2687	212
2680	212
2681	212
2682	212
2683	212
99	212
98	212
91	212
90	212
93	212
92	212
95	212
94	212
97	212
96	212
1177	212
1176	212
1175	212
1174	212
1173	212
1172	212
1171	212
1170	212
1179	212
1178	212
7188	212
7189	212
877	212
7180	212
7181	212
7182	212
7183	212
7184	212
7185	212
7186	212
7187	212
623	212
3433	212
622	212
3434	212
1225	212
873	248
620	248
870	212
627	212
871	212
626	212
2741	212
625	212
4593	212
624	212
4590	212
4591	212
2033	212
2032	212
4594	212
2746	212
4844	212
4845	248
4846	248
4847	212
2318	212
2319	212
2039	212
2038	212
2314	212
2315	212
393	212
392	212
391	212
390	212
397	212
396	212
395	212
394	212
399	212
398	212
2309	212
2308	212
4729	212
4728	212
4725	212
4724	212
4727	212
4726	212
4721	212
4720	212
4723	212
4722	212
5847	212
5846	212
5845	212
5844	212
5843	212
5842	212
5841	212
5840	212
5849	212
5848	212
3748	212
3749	212
3746	212
3747	212
3744	212
3745	212
3742	212
3743	212
3740	212
3741	212
4620	212
4621	212
4622	212
4623	212
4624	212
4625	212
4626	212
4627	212
4628	212
4629	212
179	212
178	212
177	212
176	212
175	212
174	212
173	212
172	212
171	212
170	212
7218	212
7219	212
7210	212
7211	212
7212	212
7213	212
7214	212
7215	248
7216	212
7217	212
6217	212
6216	212
6215	212
6214	212
6213	212
6212	212
6211	212
6210	212
6219	212
6218	212
6819	212
6818	212
6811	212
6810	212
6813	212
6812	212
6815	212
6814	212
6817	212
6816	212
1601	212
1768	212
1769	212
1762	212
1763	212
1760	212
1761	212
1766	212
1767	212
1764	212
1765	212
1546	212
693	212
690	212
691	212
696	212
697	212
694	212
695	212
698	212
699	212
1548	212
1549	212
5618	212
5619	212
5612	212
5613	212
5610	212
5611	212
5616	212
5617	212
5614	212
5615	212
6778	212
6779	212
6774	212
6775	212
6776	212
6777	212
6770	212
6771	212
6772	212
6773	212
258	212
259	248
252	248
253	248
250	248
251	248
256	212
257	248
254	248
255	212
3689	212
3688	212
3683	212
3682	248
3681	248
3680	212
3687	212
3686	212
3685	212
3684	212
2518	212
2519	212
2514	212
2515	212
2516	212
2517	212
2510	212
2511	212
2512	248
2513	212
3531	212
3530	212
3533	248
3532	212
5058	212
5059	212
3537	248
3536	212
3539	212
5055	212
5056	212
5057	212
5050	590
5051	590
5052	212
5053	248
1159	212
1158	212
1155	248
1154	248
1157	248
1156	212
1151	248
1150	212
1153	212
1152	248
4299	212
4298	212
4295	212
4294	212
4297	212
4296	212
4291	212
4290	212
4293	212
4292	212
4749	212
4748	212
4743	212
4742	212
4741	212
4740	212
4747	212
4746	212
4745	212
4744	212
5869	212
5868	212
5865	212
5864	212
5867	212
5866	212
5861	3500
5860	212
5863	212
5862	212
2183	212
2182	212
2181	212
2180	212
2187	212
2186	212
2185	212
2184	212
4606	248
4607	212
2189	212
2188	212
4602	248
4603	212
4600	212
4601	212
6907	212
6906	212
6453	212
6452	212
6455	212
6902	212
151	212
150	212
153	248
152	212
155	248
154	248
157	212
156	212
159	212
158	212
6900	212
6187	212
6186	212
6185	212
6184	212
6183	212
6182	212
6181	212
6180	212
6954	212
6189	212
6188	212
2727	212
2726	212
2725	212
2724	212
2723	212
2722	212
2721	212
2720	212
2729	212
2728	212
7234	212
7235	212
7232	212
7233	212
7230	212
7231	212
692	212
6239	212
6238	212
3089	248
6235	212
6234	212
6237	212
6236	212
6231	212
6230	212
6233	212
6232	212
3088	212
818	812
819	212
810	212
811	212
812	812
813	812
814	212
815	812
816	212
817	812
1700	212
1701	212
5265	212
5264	212
1704	212
1705	212
1706	212
1707	212
1708	212
1709	212
2097	212
5269	212
5268	212
2096	212
4574	212
4575	212
2093	212
4577	212
3959	248
3029	212
3028	212
3027	212
3026	212
3025	212
3024	212
3023	212
3022	212
3021	212
3020	212
4198	212
4199	212
4196	212
4197	212
4194	212
4195	212
4192	212
4193	212
4190	212
4191	212
5670	212
5671	212
5672	212
5673	212
5674	212
5675	212
5676	212
5677	212
5678	212
5679	212
473	212
6437	212
6436	212
6435	212
6434	212
6433	212
6432	212
6431	212
6430	212
6439	248
6438	212
6758	212
6759	212
6752	212
6753	212
6750	212
6751	212
6756	212
6757	212
6754	212
6755	212
238	212
239	212
234	212
235	212
236	212
237	212
230	212
231	212
232	212
233	212
4680	212
2538	212
2539	212
2532	212
2533	212
2530	212
2531	212
2536	212
2537	212
2534	23
2535	23
5078	212
5079	212
5072	212
5073	212
5070	212
5071	212
5076	212
5077	212
5074	212
5075	212
939	212
938	212
933	212
932	212
931	212
930	212
937	212
936	212
935	212
934	212
5380	212
5381	212
5382	212
5383	212
5384	212
5385	212
5386	212
5387	212
5388	212
5389	212
797	212
796	212
795	212
794	212
793	212
792	212
791	212
790	212
2413	212
799	212
798	212
2412	212
2415	212
2414	212
1139	248
1138	248
2417	212
1133	248
1132	248
1131	248
1130	248
1137	248
1136	248
1135	248
1134	248
4974	212
4975	212
7148	212
7149	212
7144	212
7145	212
7146	212
7147	212
7140	212
7141	212
7142	212
7143	212
4972	212
2148	212
2882	212
2883	212
2880	212
2881	212
2886	212
2887	212
2884	212
2885	212
2888	212
2889	212
2	248
1920	212
1921	212
3274	212
3275	212
3272	212
3310	212
1925	212
3270	212
3271	212
4761	212
4760	212
4763	212
4762	212
4765	212
4764	212
4767	212
4766	212
4769	5136
4768	212
5809	212
5808	212
5803	212
5802	212
5801	212
5800	212
5807	212
5806	212
5805	212
5804	212
685	212
1572	212
687	212
1570	212
1577	212
680	212
1575	212
682	212
3313	212
4888	212
4889	212
2709	212
2708	212
2705	212
2704	212
2707	212
2706	212
4884	212
2700	212
4886	212
2702	212
6259	212
6258	212
6253	212
6252	212
6251	212
6250	6250
6257	212
6256	212
6255	212
6254	212
475	212
832	248
833	212
830	212
831	248
836	212
837	212
834	212
3473	212
838	212
839	248
3478	212
3479	212
5249	212
5248	212
1728	212
1729	212
1726	212
5244	212
1724	212
1725	212
1722	212
1723	212
1720	212
1721	212
5489	212
3005	212
3004	212
3007	212
3006	212
3001	212
3000	212
3003	212
3002	212
3009	212
3008	212
1588	212
1589	212
1582	212
1583	212
1580	212
1581	212
1586	212
1587	212
1584	212
1585	212
3317	212
3316	212
1635	212
5658	212
5659	212
5656	212
5657	212
5654	212
5655	212
5652	212
5653	212
5650	212
5651	212
6419	212
6418	212
6415	212
6414	212
6417	212
6416	212
6411	212
6410	212
6413	212
6412	212
3917	212
3916	212
3915	212
3914	212
3913	212
3912	212
3911	212
3910	212
3919	212
3918	212
6730	212
6731	212
6732	212
6733	212
6734	212
6735	212
6736	212
6737	212
6738	212
6739	212
216	212
217	212
214	212
215	212
212	212
213	212
210	212
211	212
218	212
219	212
6088	212
6089	212
6086	212
6087	212
6084	212
6085	212
6082	212
6083	212
6080	212
6081	212
3649	212
3648	212
3647	212
3646	212
3645	212
3644	212
3643	212
3642	212
3641	212
3640	212
2550	212
2551	212
2552	212
2553	212
2554	212
2555	212
2556	212
2557	212
2558	212
2559	212
5010	212
5011	212
5012	248
5013	212
5014	212
5015	212
5016	212
5017	248
5018	212
5019	212
4419	212
4418	212
4417	212
4416	212
4415	212
4414	212
4413	212
4412	212
4411	212
4410	212
919	212
918	212
915	248
914	248
917	212
916	212
911	248
910	212
913	248
912	248
7168	212
7169	212
7162	212
7163	212
7160	212
7161	212
7166	212
7167	212
7164	212
7165	212
1212	212
1807	212
1213	212
1210	212
633	212
1605	212
1216	212
1217	212
636	212
637	248
1447	212
1110	212
1445	212
1444	212
1443	212
1114	212
1117	212
1440	212
1119	212
1118	212
1449	212
4588	212
2004	212
4858	212
4857	212
4856	212
4587	212
2009	212
4853	212
4852	212
2301	212
4583	212
2300	212
4582	212
2303	212
2302	212
2305	212
2304	212
2307	212
4789	212
4788	212
4787	212
4786	212
4785	212
2306	212
4783	212
4782	212
4781	212
4780	212
5821	212
5820	212
5823	248
5822	248
5825	212
5824	212
5827	212
5826	212
5829	212
5828	212
1801	212
1182	212
199	212
198	212
195	212
194	212
197	212
196	212
191	212
190	212
193	212
192	212
2769	212
2768	212
2763	212
2762	212
2761	212
2760	212
2767	212
2766	212
2765	212
2764	212
6271	212
6270	212
6273	212
6272	212
6275	212
6274	212
6277	212
6276	212
6279	212
6278	212
1183	212
4916	212
3452	212
3453	212
3450	212
3451	212
3456	212
3457	212
3454	212
3455	212
3458	212
3459	212
858	212
859	212
6	248
5229	212
5228	212
5223	212
5222	212
5221	212
5220	212
5227	212
5226	212
5225	212
5224	212
3063	212
3062	212
3061	212
3060	212
3067	212
3066	212
3065	212
3064	212
3069	212
3068	212
1304	212
1305	212
1306	212
1307	212
1300	212
1301	212
1302	212
1303	212
1308	212
1309	212
498	212
499	212
494	212
495	212
496	212
497	212
490	212
491	212
492	212
493	212
6479	212
6478	212
6473	212
6472	212
6471	212
6470	212
6477	212
6476	212
6475	212
6474	212
3939	212
3938	212
3935	212
3934	212
3937	212
3936	212
3931	212
3930	212
3933	212
3932	212
1241	212
6718	212
6719	212
6716	212
6717	212
6714	212
6715	212
6712	212
6713	212
6710	212
6711	212
1604	212
4044	212
4045	212
4046	212
4047	212
4040	212
4041	212
4042	212
4043	212
4048	212
4049	212
3665	212
3664	212
3667	212
3666	212
3661	212
3660	212
3663	212
3662	212
3669	212
3668	212
2578	212
2579	212
2576	212
2577	212
2574	212
2575	212
2572	212
5583	212
2570	212
2571	212
3593	212
3592	212
3591	212
3590	212
3597	212
3596	212
5038	212
3594	212
5036	212
5037	212
5034	212
5035	212
5032	212
5033	212
5030	212
5031	212
4435	212
4434	212
4437	212
4436	212
4431	212
4430	212
4433	212
4432	212
4439	212
4438	212
977	212
976	212
975	212
974	212
973	212
972	212
971	212
970	212
979	212
978	212
1243	212
3386	212
3387	212
3384	212
7100	212
7101	212
7102	212
3385	212
7104	212
7105	248
7106	212
7107	5991
7108	212
5410	212
5411	212
5412	212
5413	212
1681	5436
1680	212
1683	212
1682	5436
1685	212
1684	212
1687	212
1686	212
1689	212
1688	212
4917	212
1469	212
1468	212
1465	212
1464	212
1467	212
1466	212
1461	248
1460	248
1463	212
1462	212
4239	212
4238	212
4237	212
4236	212
4235	212
4234	212
4233	212
4232	212
4231	212
4230	212
5591	212
5590	212
5593	212
5592	212
5595	212
5594	212
5597	212
5596	212
5599	212
5598	212
319	212
318	212
313	212
312	212
311	212
310	212
317	212
316	212
315	212
314	212
3299	248
443	212
442	212
441	212
440	212
1331	212
4218	212
445	212
444	212
405	212
2299	212
2298	212
2293	212
2292	212
2291	212
2290	212
2297	212
2296	212
2295	212
2294	212
6299	212
6298	212
6297	212
6296	212
6295	212
6294	212
6293	212
6292	212
6291	212
6290	212
4704	212
5574	212
4672	212
3438	212
3439	212
878	212
879	212
876	212
3431	212
874	212
875	212
872	212
3435	212
3436	212
3437	212
4592	212
2740	248
2743	212
2742	248
2745	212
2744	212
2031	212
2030	212
2749	212
2748	212
4598	212
4599	212
4840	212
4841	212
4842	212
4843	212
4937	212
5201	212
5200	212
5203	212
5202	212
5205	212
5204	212
5207	212
5206	212
5209	212
5208	212
1911	212
4939	212
1910	212
3049	212
3048	212
3041	212
3040	212
3043	212
3042	212
3045	212
3044	212
3047	212
3046	212
1913	212
1094	212
1095	212
1096	212
1097	212
1090	212
1091	212
1092	212
1093	212
1098	212
1099	212
5192	212
1322	212
1323	212
1320	212
1321	212
1326	212
1327	212
1324	212
1325	212
1328	212
1329	212
6451	212
6450	212
6905	212
6904	212
6903	212
6454	212
6901	212
6456	212
6459	212
6458	212
6909	212
6908	212
1917	212
1916	212
3958	248
3953	212
3952	212
3951	212
3950	212
3957	212
3956	212
3955	212
3954	212
1966	212
4062	212
4063	212
4060	212
4061	212
4066	212
4067	212
4064	212
4065	212
4068	212
4069	212
5784	212
5785	212
5786	212
5787	212
5780	212
5781	212
5782	212
5783	212
5788	212
5789	212
3603	212
3602	212
3601	212
3600	212
3607	212
3606	212
3605	212
3604	212
3609	212
3608	212
4453	212
4452	212
4451	212
4450	212
4457	212
4456	212
4455	212
4454	212
4459	212
4458	212
959	212
958	212
951	212
950	212
953	212
952	212
955	212
954	212
957	212
956	212
6334	212
6335	212
6336	212
6337	212
6330	212
6331	212
6332	4695
6333	212
6338	212
6339	212
2174	212
2175	212
7128	212
7129	212
7126	212
7127	212
7124	212
7125	212
7122	212
4965	212
7120	212
7121	212
4964	248
1669	212
1668	212
1667	212
1666	212
1665	248
1664	248
1663	212
1662	212
1661	212
1660	212
591	212
590	590
593	212
592	212
595	212
594	212
597	212
596	212
599	212
598	212
2607	212
2828	248
2829	212
2824	212
2825	212
2826	212
2827	212
2820	212
2821	212
2822	212
2823	212
5414	212
5415	212
5416	212
5417	212
3382	212
3383	212
3380	212
3381	212
5418	212
5419	212
3388	212
3389	212
1409	212
1408	212
1403	212
1402	212
1401	212
1400	212
1407	212
1406	212
1405	212
1404	212
4215	212
4214	212
4217	212
4216	212
4211	212
4210	212
4213	212
4212	212
3961	212
4219	212
1544	212
1545	212
1542	212
1543	212
1933	212
1540	212
5579	212
5578	212
5577	212
5576	212
5575	212
1541	212
5573	212
5572	212
5571	212
5570	212
1930	212
5799	212
3265	212
5798	212
5129	212
339	212
338	212
335	212
334	212
337	212
1934	212
331	212
330	212
333	212
332	212
3269	212
3268	212
1939	212
1938	212
3195	212
3631	212
6109	212
6108	212
6107	212
6106	212
6105	212
6104	212
6103	212
6102	212
6101	212
6100	212
3336	248
1932	212
3416	212
3417	212
3414	212
3415	212
3412	212
3413	212
3410	212
3411	212
1931	212
3418	212
3419	212
4868	4128
4869	212
2019	212
2018	212
2015	212
2014	212
2017	212
2016	212
2011	212
2010	212
4864	212
4865	212
1937	212
3335	248
1936	212
3193	212
1935	212
1348	212
459	212
1340	212
1341	212
1342	212
453	212
1344	212
1345	212
456	212
1347	212
6929	212
6928	212
6925	212
6924	212
6927	212
6926	212
6921	212
6920	212
6923	212
6922	212
4008	212
4009	212
3191	212
4000	212
4001	212
4002	212
4003	212
4004	212
4005	212
4006	212
4007	212
3971	212
3970	212
3973	212
3972	212
3975	212
3974	212
3977	212
3976	212
3979	212
3978	212
3629	212
3628	212
3621	212
3620	212
3623	212
3622	212
3625	212
3624	212
3627	212
3626	212
4479	212
4478	212
2955	212
4471	212
4470	212
4473	212
4472	212
4475	212
4474	212
4477	212
4476	212
6447	1188
2464	212
2465	212
2466	212
2467	212
2460	212
2461	212
2462	212
2463	212
2468	212
2469	212
5347	212
5340	212
5341	212
5342	212
1022	212
6312	212
6313	212
6310	212
6311	212
6316	212
6317	212
6314	212
6315	212
6318	212
6319	212
1029	212
1028	212
1645	212
1644	212
1647	212
1646	212
1641	212
1640	212
1643	212
1642	212
1649	212
1648	212
579	212
578	212
573	212
572	212
571	212
570	212
577	212
576	212
575	212
574	212
2808	212
2809	212
2802	212
2803	212
2800	212
2801	212
2806	212
2807	212
2804	212
2805	212
1421	212
1420	212
5430	212
5431	212
5436	5436
5437	212
5434	212
1426	212
1429	212
1428	212
3366	212
3367	212
3360	212
3361	212
3362	212
3363	212
4957	212
4273	212
4272	212
4271	212
4270	212
4277	212
4276	212
4275	212
4274	212
609	212
4279	212
4278	212
608	212
5555	212
5554	212
5557	212
5556	212
5551	212
5550	212
5553	212
5552	212
5559	212
5558	212
4861	212
4866	212
4867	212
2013	212
2012	212
5883	212
5882	212
5881	212
5880	212
5887	248
5886	212
5885	212
5884	212
5889	212
5888	212
6554	212
6555	212
6556	212
6557	212
6550	212
6551	212
6552	212
6553	212
6558	212
6559	212
357	212
356	212
355	212
354	212
353	212
352	212
351	212
350	212
359	212
358	212
6125	212
6124	212
6127	212
6126	212
6121	212
6120	212
6123	212
6122	212
6129	212
6128	212
3750	212
2190	212
2191	212
2192	212
2193	212
2259	212
2258	212
2257	212
2194	212
2255	212
2254	212
2253	212
2252	212
2251	212
2195	212
2196	212
2197	212
4800	212
2784	212
2787	212
2786	212
2781	212
2780	212
2783	212
2782	212
4808	212
4809	212
2789	212
2788	212
2079	212
2078	212
2073	212
2072	212
2071	212
2070	212
2077	212
2076	212
2075	212
2074	212
4098	212
7081	212
7080	212
7083	248
7082	212
7085	212
7084	212
7087	248
7086	212
7089	212
7088	248
6495	212
6494	212
6497	212
6496	212
6491	212
6490	212
6493	212
6492	212
6499	212
6498	212
6949	212
6948	212
6943	499
6942	212
6941	212
6940	212
6947	212
6946	212
6945	212
6944	212
4398	212
4399	212
4390	212
4391	212
4392	212
4393	212
4394	212
4395	212
4396	212
4397	212
472	212
3196	212
1364	212
471	212
1362	212
1363	212
1360	212
1361	212
478	212
479	212
1368	212
1369	212
4026	212
4027	212
4024	248
4025	212
4022	212
4023	212
4020	212
4021	212
4028	212
4029	212
3999	212
3998	212
3997	212
3996	212
3995	212
3994	212
3993	212
3992	212
3991	212
3990	212
298	212
299	212
296	212
297	212
294	212
295	212
292	212
293	212
290	212
291	212
587	248
581	212
2442	212
2443	212
2440	212
2441	212
2446	212
2447	212
2444	212
2445	212
2448	212
2449	212
6378	212
6379	212
6370	212
6371	212
6372	212
6373	212
6374	212
6375	212
6376	212
6377	212
4978	212
4979	212
3391	212
5406	212
5405	212
5404	212
3395	212
5402	212
1623	212
1622	212
1621	212
1620	212
1627	212
1626	212
1625	212
3200	212
1999	212
1998	212
1629	212
1628	212
3209	212
3208	212
3398	212
3535	212
3534	248
2860	2837
2861	212
2862	212
2863	212
559	248
558	212
2866	212
2867	212
555	212
554	212
557	212
556	212
551	212
550	212
553	212
552	212
5054	212
1438	212
3538	212
5408	212
1199	212
1198	212
3348	212
3349	212
1191	212
5451	212
1193	212
1192	212
1195	212
1194	212
1197	212
1196	212
4259	212
4258	212
4251	212
4250	248
4253	212
4252	212
4255	212
4254	212
4257	212
4256	212
5533	212
5532	212
5531	212
5530	212
5537	212
5536	212
5535	212
5534	212
5539	212
5538	212
458	212
1349	212
6572	212
6573	212
6570	212
6571	212
6576	212
6577	212
6574	212
6575	212
6578	212
6579	212
450	212
451	212
452	212
3834	212
3835	212
3836	212
3837	212
3830	212
3831	212
3832	212
3833	212
454	212
5101	212
3838	212
3839	212
455	212
3207	212
1346	212
457	212
5106	212
379	212
378	212
371	212
370	212
373	212
372	212
375	212
374	212
377	212
376	212
6143	212
6142	212
6141	212
6140	212
6147	212
6146	212
6145	212
6144	212
6149	212
6148	212
3203	212
2275	212
2274	212
2277	212
2276	212
2271	212
2270	212
2273	212
2272	212
2279	212
2278	212
2051	212
2050	212
2053	212
2052	212
2055	212
2054	212
2057	212
4829	212
2059	212
2058	212
4824	212
4537	212
4530	212
4531	212
4532	212
4821	248
2405	212
7069	212
7068	212
7067	212
7066	212
7065	212
7064	212
7063	212
7062	212
7061	212
7060	212
3786	212
6961	212
6960	212
6963	212
6962	212
6965	212
6964	212
6967	212
6966	212
6969	212
6968	212
414	212
415	212
416	212
417	212
410	212
411	212
412	212
413	212
1384	248
1385	248
1386	212
1387	212
418	212
419	212
1382	212
1383	248
1775	248
1774	212
1777	248
1776	212
1771	212
1770	212
5272	212
1772	212
1779	212
1778	248
6688	212
6689	212
6680	212
6681	212
6682	212
6683	212
6684	212
6685	212
6686	212
6687	212
2428	212
2429	212
2420	212
2421	212
2422	212
2423	212
2424	212
2425	212
2426	212
2427	212
6356	212
6357	212
6354	212
6355	212
6352	212
6353	212
6350	212
6351	212
6358	212
6359	212
1814	212
1815	212
1816	212
1817	212
1810	212
1811	212
1812	212
1813	212
1818	212
1819	212
4952	212
4953	212
4950	248
1609	212
1608	212
4951	212
3229	212
3228	212
1979	212
1978	212
3225	212
3224	212
1975	212
1974	212
3221	212
3220	212
1971	212
1970	212
4954	212
4955	212
2848	212
2849	212
2846	248
2847	212
2844	212
2845	212
2842	212
2843	212
2840	212
2841	212
3320	212
3321	212
3322	212
3323	212
3324	212
3325	212
3326	212
3327	212
3328	212
3329	212
5478	212
5479	212
5519	212
5518	212
5511	212
3038	212
5513	6250
5512	212
5515	212
5514	6250
5517	212
3039	212
1559	212
537	212
536	212
535	212
534	212
533	212
532	212
531	212
530	212
539	212
538	212
1976	212
5139	212
1558	212
5138	212
1906	212
5136	5136
1904	212
6518	212
6519	212
1905	212
6510	212
5133	248
6512	212
6513	212
6514	212
6515	212
6516	212
3291	248
5131	212
1901	212
3812	212
3813	248
3810	212
3811	212
3816	212
3817	3817
3814	248
3815	212
3818	212
3819	212
6169	212
6168	212
6161	212
6160	212
6163	212
6162	212
6165	212
6164	212
6167	212
6166	212
2213	212
2212	212
2211	212
2210	212
2217	212
2216	212
2215	212
2214	212
2219	248
2218	212
6137	212
4518	212
4519	212
4512	212
4513	212
4510	212
4511	212
4516	212
4517	212
4514	212
4515	212
5289	212
5288	212
5281	212
5280	212
5283	212
5282	212
5285	212
5284	212
5287	212
5286	212
7045	212
7044	212
7047	212
7046	212
7041	212
7040	212
7043	212
7042	212
7049	212
7048	212
6989	3817
6988	212
6987	212
6986	212
6985	212
6984	212
6983	212
6982	212
6981	212
6980	212
2989	212
2988	212
2983	212
2982	212
2981	212
2980	212
2987	212
2986	212
2985	212
2984	212
1018	212
1019	212
1014	212
1015	212
1016	212
1017	212
1010	212
1011	212
1012	212
1013	212
4358	212
4359	212
4354	212
4355	212
4356	212
4357	212
4350	212
4351	212
4352	212
4353	212
438	212
439	212
436	212
437	212
434	212
435	212
432	212
433	212
430	212
431	212
3312	212
5708	212
5709	212
5704	212
5705	212
5706	212
5707	212
5700	212
5701	212
5702	212
5703	212
3315	212
3314	212
1434	212
1435	212
1432	212
5357	212
5356	212
1052	248
1430	212
5354	212
1054	248
5352	212
1056	248
1057	212
1431	212
5329	212
1832	212
1833	212
1830	212
1831	212
1836	212
3798	212
1834	212
1835	212
3795	212
3794	212
1838	212
3796	212
3791	212
3790	212
3793	212
3792	212
4981	212
4980	212
2156	212
2157	212
4985	212
4984	212
2152	212
2153	212
4989	212
4988	212
2158	212
2159	248
2408	212
2409	212
1955	212
1954	212
1957	212
1956	212
1951	212
1950	212
1953	212
1952	212
1959	212
1958	212
3249	212
3248	212
3243	212
3242	212
3241	248
3240	248
3247	212
3246	3245
3245	3245
1990	212
4925	212
1993	212
1483	212
1482	212
1481	212
1480	212
1487	212
1486	212
1485	212
1484	212
3306	212
3307	212
1489	212
1488	212
3302	248
3303	212
3300	248
3301	248
1992	212
1270	212
1271	212
1272	212
611	248
1274	212
617	248
2060	212
1276	212
2793	212
1277	212
2062	212
2063	212
1994	212
2064	212
2065	212
519	212
518	212
2066	212
511	212
510	212
513	212
512	212
515	212
514	212
517	212
516	212
1227	212
1226	212
621	212
1224	212
1223	212
1222	212
1221	212
1220	212
629	212
628	212
1229	212
1228	212
6536	212
6537	212
6534	212
6535	212
6532	212
6533	212
6530	212
6531	212
6538	212
6539	212
1996	212
3878	212
3879	212
3870	212
3871	212
3872	212
3873	212
3874	212
3875	212
3876	212
3877	212
4167	212
4166	212
4165	212
4164	212
4163	212
4162	212
4161	212
4160	212
4169	212
4168	212
2239	212
2238	212
2231	212
2230	212
2233	212
2232	212
2235	212
2234	212
2237	212
2236	212
5937	212
5936	6250
5935	212
5934	212
5933	212
5932	212
5931	212
5930	212
5939	212
5938	212
1631	212
4608	212
3498	212
3499	212
3496	212
3497	212
3494	212
3495	212
3492	212
3493	212
3490	212
3491	212
2095	212
2094	212
4572	248
4573	248
2091	212
2090	248
4576	212
2092	212
4578	212
4579	212
2099	212
2098	212
4605	212
3333	212
3	248
3332	212
7023	212
7022	212
7021	212
7020	212
7027	212
7026	248
7025	248
7024	212
7029	212
7028	212
3331	212
3330	212
3337	248
1655	212
1038	212
1039	212
1032	212
1033	212
1030	212
1031	212
1036	212
1037	212
1034	212
1035	212
4378	212
4379	212
4372	212
4373	212
4370	212
4371	212
4376	212
4377	212
4374	212
4375	212
3334	212
4080	212
4081	212
4082	212
4083	212
4084	212
4085	212
4086	212
4087	212
4088	212
4089	212
5728	212
5729	212
5722	212
5723	212
5720	212
5721	212
5726	212
5727	212
5724	3817
5725	212
3844	248
6648	212
6649	212
6644	212
6645	212
6646	212
6647	212
6640	212
6641	212
6642	212
6643	212
6398	212
6399	212
6392	212
6393	212
6390	212
6391	212
6396	212
6397	212
6394	212
6395	212
2396	212
2397	212
2394	212
2395	212
2392	212
2393	212
2390	212
2391	212
2398	212
2399	212
1858	212
1859	212
3840	212
1850	212
1851	212
1852	212
1853	3469
1854	212
1855	212
1856	212
1857	212
2172	212
2173	212
2170	212
2171	212
2176	212
2177	212
4969	212
4968	212
4967	212
4966	212
2178	212
2179	212
4963	212
4962	212
4961	212
4960	212
5432	212
3847	248
5433	212
3846	248
1423	212
3261	212
3260	212
3263	212
3262	212
5128	212
3264	212
3267	212
3266	212
5124	212
5125	212
5126	212
5127	212
5120	212
5121	212
5122	212
5123	212
1427	212
5435	212
3364	212
3365	212
5438	212
5439	4128
6886	212
6887	212
6884	212
6885	248
6882	212
6883	212
6880	212
6881	212
6888	212
6889	212
605	212
604	212
607	248
606	212
601	212
600	212
603	212
602	212
1205	212
1204	212
1207	212
1206	212
1201	212
1200	212
1203	212
1202	212
1353	212
464	212
1351	212
466	212
461	212
1356	212
463	212
1354	212
6950	212
6483	212
6952	212
6481	212
4149	212
4148	212
4145	248
4144	212
4147	212
4146	248
4141	212
4140	212
4143	212
4142	212
3856	212
3857	212
3854	212
3855	212
3852	212
3853	212
3850	212
3851	212
6957	212
3858	212
3859	212
5919	212
5918	212
5915	212
5914	212
5917	212
5916	212
5911	212
5910	212
5913	212
5912	212
4558	212
4559	248
4556	212
4557	212
4554	212
4555	212
4552	212
4553	212
4550	212
4551	212
6077	212
6076	212
6075	212
6074	212
6073	212
6072	212
6071	212
6070	212
6079	212
6078	212
2617	212
2616	212
2615	212
2614	212
2613	212
2612	212
2611	212
2610	212
2619	212
2618	212
5424	212
7009	212
7008	212
7001	212
7000	212
7003	212
7002	212
7005	248
7004	212
7007	212
7006	212
1184	212
740	248
741	248
742	248
743	248
744	248
745	248
746	248
747	212
748	212
749	212
1185	212
2949	212
2948	212
2947	212
2946	212
2945	212
2944	212
2943	212
2942	212
2941	212
2940	212
1050	212
1051	212
5355	212
1053	248
5353	212
1055	248
5351	248
5350	212
1058	248
1059	212
5359	212
5358	212
4310	212
4311	212
4312	212
4313	212
4314	248
4315	212
4316	212
4317	212
4318	212
4319	212
1180	212
3119	212
3118	212
3117	212
3116	212
3115	212
3114	212
3113	212
3112	212
3111	212
3110	212
1181	212
5740	212
5741	212
5742	212
5743	212
5744	212
5745	212
5746	212
5747	212
5748	212
5749	212
5267	5266
5266	212
1702	212
1703	212
5263	212
5262	212
5261	212
5260	212
2136	212
1603	212
6668	212
6669	212
6662	212
6663	212
6660	212
6661	212
6666	212
6667	212
6664	212
6665	212
7	212
2134	212
2135	212
2378	212
2379	212
2374	212
2375	212
2376	212
2377	212
2370	212
2371	212
2372	212
2373	212
1876	212
1877	212
1874	212
1875	212
1872	212
1873	212
1870	212
1871	212
1607	212
1878	212
1879	212
4945	212
4944	212
4947	212
4946	212
4941	212
4940	212
4943	212
4942	212
4949	212
4948	212
2118	212
2119	212
2130	212
2110	212
2111	212
2112	212
2113	212
2114	212
2115	212
2116	212
2117	212
1919	212
1918	212
5108	212
5109	212
3289	212
3288	212
3287	212
3286	212
3285	248
3284	248
3283	248
5107	248
3281	248
5105	212
883	212
882	212
881	212
880	248
887	212
886	212
885	248
884	248
889	212
888	212
1727	212
6868	212
6869	212
6864	212
6865	212
6866	212
6867	212
6860	212
6861	212
6862	212
6863	212
1269	212
1268	212
669	212
668	212
667	212
666	212
665	212
664	212
663	248
662	248
1265	212
660	248
5102	248
5103	212
5100	212
1912	212
1915	212
1914	212
5104	212
3280	248
4129	212
4128	4128
4123	212
4122	212
4121	212
4120	212
4127	4128
4126	212
4125	212
4124	248
5689	212
5688	212
5685	212
5684	212
5687	212
5686	212
5681	212
5680	212
5683	212
5682	212
5979	212
5978	212
5973	212
5972	212
5971	3817
5970	212
5977	212
5976	212
5975	212
5974	212
1049	212
5407	212
2587	212
2586	212
2585	212
2584	212
2583	212
2582	212
2581	212
2580	212
2589	212
2588	212
280	248
6059	212
6058	212
6055	212
6054	212
6057	212
6056	212
6051	212
6050	212
6053	212
6052	212
2639	212
2638	212
2635	212
2634	212
2637	212
2636	212
2631	212
2630	212
2633	212
2632	212
3544	212
3545	212
3546	212
3547	212
3540	212
3541	212
3542	212
3543	212
3548	212
3549	212
2965	212
2964	212
768	212
769	212
2961	248
2960	248
2963	212
2962	212
762	212
763	212
760	212
761	212
766	212
767	212
764	212
765	212
5379	212
5378	212
1078	212
1079	212
1076	212
5374	212
1074	212
5376	212
5371	212
5370	212
5373	212
1071	212
4338	212
4339	212
4336	212
4337	212
4334	212
4335	212
4332	212
4333	212
4330	212
4331	212
3135	212
3134	212
3137	212
3136	212
3131	212
3130	212
3133	212
3132	212
3139	212
3138	212
1533	212
5183	212
1532	212
5180	212
5768	212
5769	212
5766	212
5767	212
5764	212
5765	212
5762	212
5763	212
5760	212
5761	212
1531	212
5181	212
1530	212
5186	212
2256	212
5187	212
75	212
74	212
2250	212
5184	212
6600	212
6601	212
6602	212
6603	212
6604	212
6605	212
6606	212
6607	212
6608	212
6609	212
5185	212
79	212
78	212
5362	212
4570	212
5363	212
1041	212
5361	212
1047	212
1046	212
4571	212
1045	212
1044	212
2358	212
2359	212
2352	212
2353	212
2350	212
2351	212
2356	212
2357	212
2354	212
2355	212
1048	248
1898	212
1899	212
3739	212
3738	212
1894	212
1895	212
3735	212
3734	212
1890	212
3732	212
1892	212
3730	212
4691	248
4922	212
4693	212
4692	212
4927	212
4694	212
4697	212
2131	212
4699	212
4698	212
4929	212
4928	212
2138	212
2139	212
5160	212
5161	212
5162	212
5163	212
5164	212
5165	212
5166	212
5167	212
5168	212
5169	212
4802	212
4803	212
4804	212
4805	212
4806	212
4807	212
1263	212
1262	212
1261	212
1799	212
1798	212
1793	212
1267	212
1791	212
1790	212
1797	212
1796	212
1795	212
1794	212
6848	212
6849	248
661	248
6842	212
6843	212
6840	212
6841	212
6846	212
6847	212
6844	212
6845	212
6590	212
6591	212
6592	212
6593	212
6594	212
6595	212
6596	212
6597	2480
6598	212
6599	212
5344	212
1024	212
3092	212
1240	212
643	212
642	212
3096	212
644	212
3094	212
3095	212
649	212
1248	212
3098	212
3099	212
1027	212
1539	212
1538	212
4101	212
4100	212
4103	212
4102	212
4105	212
4104	212
4107	212
4106	212
4109	212
4108	212
3377	212
3898	212
3899	212
3892	212
3893	212
3890	212
3891	212
3896	212
3897	212
3894	212
3895	248
5951	212
5950	212
5953	212
5952	212
5955	212
5954	212
5957	212
5956	212
5959	212
5958	212
1991	212
1455	212
6039	212
6038	212
6033	3817
6032	212
6031	212
6030	248
6037	212
6036	212
6035	212
6034	212
2659	212
2658	248
2653	212
2652	212
2651	212
2650	212
2657	212
2656	248
2655	212
2654	248
1606	212
3562	212
3563	212
3560	212
3561	212
3566	212
3567	212
3564	212
3565	212
3568	212
3569	212
4484	212
4485	212
4486	212
4487	212
4480	212
4481	212
4482	212
4483	212
2489	212
4488	212
4489	212
2903	212
2902	212
2901	212
2900	212
708	212
709	212
2905	212
147	212
704	212
705	212
706	212
707	212
700	212
701	212
702	212
703	212
5319	212
5318	212
5313	212
5312	212
5311	212
5310	212
5317	212
5316	212
5315	212
5314	212
3214	212
1987	212
1984	212
3153	212
3152	212
3151	212
3150	212
3157	212
3156	212
3155	212
3154	212
1982	212
3159	212
3158	212
1983	212
1980	212
1981	212
1260	212
2485	212
2482	2480
1266	212
1264	212
2481	2480
1247	212
568	212
569	212
2816	212
6628	212
6629	212
6626	212
6627	212
6624	212
6625	212
6622	212
6623	212
6620	212
6621	212
564	212
565	212
4714	212
4715	212
4716	248
4717	212
4710	212
4711	212
4712	212
2337	212
2338	212
2339	212
4718	212
4719	212
3715	212
3714	212
3717	212
3716	212
3711	212
3710	212
3713	212
3712	212
3719	212
3718	212
4909	212
4908	212
4679	212
4678	212
4901	212
4676	212
4903	212
4902	212
4905	212
2483	212
4671	212
4906	212
5148	212
5149	248
5146	212
5147	212
5144	212
5145	212
5142	212
5143	212
5140	212
5141	212
120	212
121	212
122	212
123	212
124	212
125	212
126	212
127	212
128	212
129	212
1188	1188
1189	212
1186	212
1187	1188
3375	212
3374	212
5421	212
3372	212
3371	212
3370	212
6820	212
6821	212
6822	212
6823	212
6824	212
6825	212
6826	212
6827	212
6828	212
6829	212
1997	212
3390	212
1519	212
1518	212
1515	212
1514	212
1517	212
1516	212
1511	212
1510	212
1513	212
1512	212
3394	212
3397	212
3396	212
263	248
262	248
261	248
260	248
267	248
266	248
265	248
264	248
269	248
268	248
6011	212
6010	212
6013	212
6012	212
6015	212
6014	212
6017	212
6016	212
6019	212
6018	212
988	212
989	212
982	212
983	248
980	212
981	212
986	212
987	212
984	212
985	212
1388	212
3508	212
3509	212
5089	212
5088	212
5083	212
5082	212
5081	212
5080	212
5087	212
5086	212
5085	248
5084	212
2671	212
2670	248
2673	212
2672	212
2675	212
2674	212
2677	212
2676	212
2679	212
2678	212
1209	212
2929	248
2928	2928
2921	212
2920	212
2923	212
2922	212
2925	212
2924	212
2927	2928
2926	212
5331	212
5330	212
5333	212
5332	212
5335	212
5334	212
5337	212
5336	212
1208	212
5338	212
3179	212
3178	212
2037	212
3171	212
3170	212
3173	212
3172	212
3175	212
3174	212
3177	212
3176	212
726	212
727	212
724	212
725	212
722	212
723	212
720	212
721	212
728	212
729	212
1164	248
1165	212
1166	212
1167	212
1160	212
1161	248
1162	248
1163	248
1168	212
1169	212
2035	212
1366	212
1367	212
2034	212
3194	212
476	212
2785	212
477	212
1713	212
474	212
1712	212
3190	212
1711	212
1381	212
1710	212
1717	212
1716	212
1715	212
5255	212
3199	212
1865	212
3198	212
5258	212
3729	212
5259	212
3724	212
3725	212
2918	212
4686	212
4687	212
1343	212
4684	248
4685	248
2919	212
4682	212
4683	212
4732	212
4733	212
4730	212
4731	212
4736	212
4737	212
4734	212
4735	212
2316	212
2317	212
4738	212
4739	212
2312	212
2313	212
2310	212
2311	212
5854	212
5855	212
5856	212
5857	212
5850	212
5851	212
5852	212
5853	212
5858	212
5859	212
3773	212
3772	212
3771	212
3770	212
3777	212
3776	212
3775	212
3774	212
3779	212
3778	212
4655	212
4654	212
4657	212
4656	212
4651	212
4650	212
4653	212
4652	212
4659	212
4658	212
406	212
108	212
109	212
102	212
103	212
100	212
101	212
106	212
107	212
104	212
105	212
5112	212
6204	212
6205	212
6206	212
6207	212
6200	212
6201	212
6202	212
6203	212
6208	212
6209	212
6808	212
6809	212
6806	212
6807	212
6804	212
6805	212
6802	212
6803	212
6800	212
6801	212
1759	212
1758	212
1757	212
1756	212
1755	212
1754	212
1753	212
1752	212
1751	212
1750	212
1285	212
1284	212
1287	212
1286	212
1281	212
1280	212
1283	212
1282	212
1289	212
1288	212
1579	212
1578	212
689	212
688	212
1573	212
684	212
1571	212
686	212
681	212
1576	212
683	212
1574	212
5629	212
5628	212
5627	212
5626	212
5625	212
5624	212
5623	212
5622	212
5621	212
5620	212
1242	212
5995	212
5994	212
5997	212
5996	212
5991	5991
5990	5991
5993	212
5992	212
5999	212
5998	212
1244	212
4677	212
6781	212
6780	212
6783	212
6782	212
6785	212
6784	212
6787	212
6786	212
6789	212
6788	212
245	212
244	248
247	248
246	248
241	212
240	212
243	212
242	212
249	248
248	248
2154	212
2155	212
3698	212
3699	212
3690	212
3691	212
3692	212
3693	212
3694	212
3695	212
3696	212
3697	212
3526	212
3527	212
3524	212
3525	212
3522	212
3523	212
3520	212
3521	248
1501	212
3528	248
3529	248
2699	212
2698	212
2697	212
2696	212
2695	212
2694	212
2693	212
2692	212
2691	212
2690	212
2151	212
4535	212
1142	212
1143	248
1140	248
1141	248
1146	248
1147	212
1144	212
1145	212
1148	248
1149	212
2967	212
2966	212
336	212
1745	212
7199	212
7198	212
7193	212
7192	212
7191	212
7190	212
7197	212
7196	212
7195	212
7194	212
6402	212
6403	212
2969	212
6400	212
2968	212
6401	212
6406	212
14	212
6404	6404
16	212
4282	212
4283	212
4280	212
4281	212
4286	212
4287	212
4284	212
4285	212
4288	212
4289	212
380	212
381	212
382	212
383	212
384	212
385	212
386	212
387	212
388	212
389	212
4758	212
4759	212
4750	212
4751	212
4752	212
4753	212
4754	212
4755	212
4756	212
4757	212
5872	5436
5873	212
5870	212
5871	5436
5876	212
5877	212
5874	212
5875	212
5878	212
5879	212
5377	212
3759	212
3758	212
1075	212
3751	212
1072	212
3753	212
3752	212
3755	212
3754	212
3757	212
3756	212
4633	212
4632	212
4631	212
4630	212
4637	212
4636	212
4635	212
4634	212
2198	212
2199	212
4639	212
4638	212
2046	212
2047	212
2044	212
2045	212
168	212
169	212
164	212
165	212
166	212
167	212
160	212
161	212
162	212
163	212
2040	212
2041	212
6194	212
6195	212
6196	212
6197	212
6190	212
6191	212
6192	212
6193	212
6198	212
6199	212
2734	248
2735	212
2736	212
2737	212
2730	212
2731	212
2732	248
2733	212
2738	248
2739	212
1106	212
7209	212
7208	212
7203	212
7202	212
7201	212
7200	212
7207	212
7206	212
7205	212
7204	212
6222	212
6223	212
6220	212
6221	212
6226	212
6227	212
6224	212
6225	212
6228	212
6229	212
809	212
808	212
803	212
802	212
801	212
800	212
807	212
806	212
805	212
804	212
5274	212
5275	212
5276	212
5277	212
5270	212
5271	212
1773	212
5273	212
5278	212
5279	212
1100	212
1551	212
1550	212
1553	212
1552	212
1555	212
1554	212
1557	212
1556	212
3034	212
3035	212
3036	212
3037	212
3030	212
3031	212
3032	212
3033	212
5605	212
5604	212
5607	212
5606	212
5601	212
5600	212
5603	212
5602	212
5609	212
5608	212
4690	212
6424	212
6425	212
6426	212
6427	212
6420	212
6421	212
6422	212
6423	212
6428	212
6429	212
6769	212
6768	212
6767	212
6766	212
6765	212
6764	212
6763	212
6762	248
6761	212
6760	212
229	212
228	212
227	212
226	212
225	212
224	212
223	212
222	212
221	212
220	212
2509	212
2508	212
2507	212
2506	212
2505	212
2504	212
2503	212
2502	212
2501	212
2500	212
5049	590
5048	212
5047	212
5046	212
5045	212
5044	212
5043	212
5042	212
5041	212
5040	212
1524	212
1525	212
1526	212
0	248
1527	212
1252	212
1521	212
5182	212
1522	212
3206	212
1523	212
3205	212
3204	212
1995	212
3202	212
3201	212
1624	212
5188	212
1128	248
1129	248
5189	212
1120	212
1121	212
1122	212
1123	248
1124	212
1125	248
1126	212
1127	212
2864	212
2865	212
2868	212
2869	248
4776	212
4777	212
4774	212
4775	212
4772	212
4773	212
4770	5136
4771	212
4778	212
4779	212
5818	212
5819	212
5810	212
5811	212
5812	212
5813	212
5814	212
5815	212
5816	212
5817	212
4619	212
4618	212
4611	212
4610	212
4613	212
4612	212
4615	212
4614	212
4617	212
4616	212
4880	248
4881	212
4882	212
146	212
5458	212
144	212
145	212
142	212
143	212
140	212
5459	212
2701	212
148	212
149	212
2703	212
754	212
4887	212
3342	212
1190	212
5452	212
2712	212
2713	212
2710	212
2711	212
2716	212
2717	212
2714	212
2715	212
3346	212
2718	212
2719	212
3347	212
7221	212
7220	212
7223	212
7222	212
7225	212
7224	212
7227	212
7226	212
7229	212
7228	212
3345	212
3090	248
6248	212
6249	6250
6240	212
6241	212
6242	212
6243	212
6244	212
6245	212
6246	212
6247	212
829	212
828	212
825	212
824	212
827	248
826	248
821	212
820	212
823	212
822	212
5252	212
5253	212
5250	212
5251	212
5256	212
5257	212
5254	212
1714	212
1719	212
1718	212
3018	212
3019	212
3012	212
3013	212
3010	212
3011	212
3016	212
3017	212
3014	212
3015	212
4189	212
4188	212
4181	212
4180	212
4183	212
4182	212
4185	212
4184	212
4187	212
4186	212
5663	212
5662	212
5661	212
5660	212
5667	212
5666	212
5665	212
5664	212
5669	212
5668	212
3197	212
3093	212
11	248
10	248
13	212
12	212
15	212
6407	212
17	212
6405	6404
19	212
18	212
6408	212
6409	212
3904	212
3905	212
3906	212
3907	212
3900	212
3901	212
3902	212
3903	212
3908	212
3909	212
6745	4695
6744	212
6747	212
6746	212
6741	212
6740	212
6743	248
6742	212
6749	212
6748	212
3192	212
201	212
200	212
203	212
202	212
205	212
204	212
207	212
206	212
209	212
208	212
3476	212
3477	212
3470	212
3471	212
3472	212
835	212
2747	212
3658	212
3659	212
3654	212
3655	212
3656	212
3657	212
3650	212
3651	212
3652	212
3653	212
2525	212
2524	212
2527	212
2526	212
2521	212
2520	212
2523	212
2522	212
2529	212
2528	212
5065	248
5064	248
5067	212
5066	248
5061	248
5060	248
5063	212
5062	248
5069	212
5068	212
4408	212
4409	212
4404	212
4405	212
4406	212
4407	212
4400	212
4401	212
4402	212
4403	212
928	212
929	212
920	212
921	212
922	212
923	212
924	212
925	212
926	212
927	212
5393	212
5392	212
5391	212
5390	212
5397	212
5396	212
5395	212
5394	212
5399	212
5398	212
784	212
785	212
786	212
787	212
780	212
781	212
782	212
783	212
788	212
789	212
407	212
7159	212
7158	212
7157	212
7156	212
7155	212
7154	212
7153	212
7152	212
7151	212
7150	212
1372	212
1375	212
1374	212
1377	212
400	212
20	212
2899	212
2898	212
2895	212
2894	212
2897	212
2896	212
2891	212
2890	212
2893	212
2892	212
1454	212
5245	212
1104	212
1105	212
1450	212
1103	212
1452	212
1453	212
1458	248
5247	212
1108	212
1109	212
5246	212
5241	212
5240	212
3737	212
5243	212
3736	212
5242	212
1896	212
1897	212
3733	212
1891	212
3731	212
1893	212
4923	248
2137	212
4921	212
4920	212
4798	212
4799	212
4794	212
4695	4695
4796	212
4797	212
4790	212
4791	212
4792	212
2133	212
5836	212
5837	212
5834	212
5835	212
5832	212
5833	212
5830	212
5831	212
4696	212
5838	212
5839	212
4	248
2778	212
2779	212
4899	212
4898	212
2770	212
2771	212
4891	248
4890	212
2774	212
2775	212
2776	212
2777	212
6266	212
6267	212
6264	212
6265	4128
6262	212
6263	212
6260	212
6261	212
6268	212
6269	6250
4900	212
847	212
846	212
845	248
844	248
843	248
3462	212
3461	212
3460	212
849	851
848	851
5238	212
5239	212
1731	212
5231	212
1733	212
5233	212
1735	491
5235	212
1737	212
5237	212
2404	212
4907	212
3070	212
1594	212
3072	212
3073	212
1591	212
3075	212
3076	248
1592	212
3078	248
3079	248
1599	212
1598	212
2402	212
5649	212
5648	212
5641	212
5640	212
5643	212
5642	212
5645	212
5644	212
5647	212
5646	212
2401	212
4826	212
489	212
488	212
487	212
486	212
485	248
484	248
483	248
482	248
481	212
480	212
6468	212
6469	212
6460	212
6461	212
6462	212
6463	212
6464	212
6465	212
6466	212
6467	212
3922	212
3923	212
3920	248
3921	212
3926	212
3927	212
3924	212
3925	212
3928	212
3929	212
6723	491
6722	212
6721	212
6720	212
6727	212
6726	212
6725	212
6724	212
6729	212
6728	212
6099	212
6098	212
6091	212
6090	212
6093	212
6092	212
6095	212
6094	212
6097	212
6096	212
3295	212
3678	212
3679	212
3672	212
3673	212
3670	212
3671	212
3676	212
3677	212
3674	212
3675	212
2543	212
2542	212
2541	212
2540	212
2547	212
2546	212
2545	212
2544	212
2549	212
2548	212
1456	212
1457	212
3297	248
1102	212
1451	212
5003	212
3581	212
3582	212
3583	212
3584	212
3585	212
3586	212
3587	212
3588	212
3589	212
5009	212
1101	212
3290	248
902	212
903	212
900	248
901	248
906	212
907	212
904	212
905	212
4422	212
4423	212
908	212
909	212
4426	212
4427	212
4424	212
1459	248
3292	248
7175	212
7174	212
7177	212
7176	212
7171	212
7170	212
7173	212
7172	212
7179	212
7178	212
719	212
2917	212
1696	212
1697	212
1694	212
1695	212
1692	212
1693	212
1690	212
1691	212
1698	212
1699	212
1472	212
1473	212
1470	212
1471	212
1476	212
1477	212
1474	212
1475	212
1478	212
1479	212
4228	212
4229	212
4224	248
4225	212
4226	212
4227	212
4220	212
4221	212
4222	212
4223	212
24	212
25	212
26	212
27	212
5582	212
21	212
22	212
23	212
28	212
29	212
5588	212
5589	212
5308	212
5309	212
5300	212
5301	212
5302	212
5303	212
5304	212
5305	212
5306	212
5307	212
2288	212
2289	212
2280	212
2281	212
2282	212
2283	212
2284	212
2285	212
2286	212
2287	212
4538	212
4539	212
4828	212
2056	212
4534	212
4827	212
4536	212
4825	212
4822	212
4823	212
4820	212
4795	212
4926	212
4533	212
6288	212
6289	212
6284	212
6285	212
6286	212
6287	212
6280	212
6281	212
6282	212
6283	212
182	212
183	212
180	212
181	212
186	212
187	212
184	212
185	212
188	212
189	212
4924	212
869	212
868	212
3449	212
3448	212
861	212
860	212
863	212
3446	212
3441	212
3440	212
867	212
866	212
2024	212
2025	212
2026	212
2027	212
2020	212
2021	212
2022	212
2751	212
2028	212
2029	212
2758	212
2759	212
5216	212
5217	212
5214	212
5215	212
5212	212
5213	212
5210	212
5211	212
5218	212
5219	212
4596	212
3058	212
3059	212
3056	212
3057	212
3054	212
3055	212
3052	212
3053	212
3050	212
3051	212
4597	212
4595	212
8	248
1317	212
1316	248
1315	248
1314	212
1313	212
1312	212
1311	212
1310	212
1319	212
1318	212
6914	248
6915	212
6916	212
6445	212
6442	212
6443	212
6912	212
6913	212
6918	6404
6919	212
6448	1188
6449	212
3304	212
3948	212
3949	212
3940	212
3941	212
3942	212
3943	212
3944	212
3945	212
3946	212
3947	212
6709	212
6708	212
6701	212
6700	212
6703	212
6702	212
6705	212
6704	212
6707	212
6706	212
3841	212
4057	212
4056	212
4055	248
4054	212
4053	212
4052	212
4051	212
4050	212
4059	212
4058	212
3843	248
3610	212
3611	212
3612	212
3613	212
3614	212
3615	212
3616	212
3617	212
3618	212
3619	212
3842	212
2569	212
2568	212
2140	212
2561	212
2560	212
2563	212
2562	212
2565	212
2564	212
2567	212
2566	212
3845	248
5029	212
5028	212
5021	212
5020	212
5023	212
5022	212
5025	212
5024	212
5027	212
5026	212
4440	248
4441	212
4442	212
4443	212
4444	212
4445	212
4446	212
4447	212
4448	212
4449	212
964	212
965	212
966	212
967	212
960	212
961	212
962	212
963	212
968	212
969	212
1537	212
1536	212
1535	212
3091	248
1245	212
3097	212
647	212
1246	212
1249	212
648	212
3236	212
3237	212
1618	212
1619	212
641	212
3966	212
1617	212
3238	212
1107	212
3239	212
1612	212
640	212
1961	212
7113	212
7112	212
7111	212
7110	212
7117	212
7116	212
7115	212
7114	212
7119	212
7118	212
3964	212
4499	212
1678	212
1679	212
1674	212
1675	212
1676	212
1677	212
1670	212
1671	248
1672	212
1673	212
3826	212
3965	212
4498	212
1534	212
645	212
3962	212
1418	212
1419	212
1410	212
1411	212
1412	212
1413	212
1414	212
1415	212
1416	212
1417	212
3963	212
4208	212
4209	212
4202	212
4203	212
4200	212
4201	212
4206	212
4207	212
4204	212
4205	212
5568	212
5569	212
5564	212
5565	212
5566	212
5567	212
5560	212
5561	212
5562	212
5563	212
646	212
308	212
309	212
300	212
301	212
302	212
303	212
304	212
305	212
306	212
307	212
2036	212
3820	212
4893	248
4892	212
2772	212
2773	212
4897	212
4896	212
4895	212
4894	212
470	212
6118	212
6119	212
6114	212
6115	212
6116	212
6117	212
6110	212
6111	212
6112	212
6113	212
3429	212
3428	212
3423	212
3422	212
3421	212
3420	212
3427	212
3426	212
3425	212
3424	212
2002	212
2003	212
2000	212
2001	212
4589	212
2007	212
4859	212
2005	212
4585	212
4584	212
4855	212
4854	212
4581	212
4580	248
4851	212
4850	212
1087	212
1086	212
1085	212
1084	212
1083	212
1082	212
1081	212
1080	212
1089	212
1088	212
449	212
448	212
1339	212
1338	212
1335	212
1334	212
1337	212
1336	212
447	212
446	212
1333	212
1332	212
6932	212
6933	212
6930	212
6931	212
6936	212
6937	212
6934	212
6935	212
6938	212
6939	212
39	212
38	212
33	212
32	212
31	212
30	212
37	212
36	212
35	212
34	212
3467	212
3466	212
3465	212
3464	212
3463	212
842	212
4079	212
4078	212
4075	212
4074	212
4077	212
4076	212
4071	248
4070	212
4073	212
4072	212
5797	212
3967	212
5795	212
5794	212
5793	212
5792	212
5791	212
5790	812
3968	212
3969	212
3638	212
3639	212
3636	212
3637	212
3634	212
3635	212
3632	212
3633	212
3630	212
840	212
3469	3469
3468	212
4468	212
4469	212
4466	212
4467	212
4464	212
4465	212
4462	212
4463	212
4460	212
4461	212
948	212
949	212
946	212
947	212
944	212
945	212
942	212
943	212
940	212
941	212
6327	212
6326	212
6325	212
6324	212
6323	212
6322	212
6321	212
6320	212
6329	212
6328	212
6457	212
7139	212
7138	212
4793	212
7131	212
7130	212
7133	212
7132	212
7135	212
7134	212
7137	212
7136	212
1658	212
1659	212
1652	212
1653	212
1650	212
1651	212
1656	212
1657	212
1654	212
1389	212
586	212
1739	212
584	212
585	212
582	212
583	212
580	212
1738	212
588	248
589	590
2839	212
2838	212
2837	2837
2836	212
2835	212
2834	212
2833	212
2832	212
2831	212
2830	248
1436	212
1437	212
3393	212
3392	212
5403	212
1433	212
5401	212
5400	212
3399	212
1380	212
5409	212
1439	212
5230	212
1730	212
5232	212
4260	212
4261	212
4262	212
4263	212
4264	212
4265	212
4266	212
4267	212
4268	212
4269	212
1734	212
1887	212
5236	212
1886	212
1736	212
3700	212
5548	212
5549	212
5542	212
5543	212
5540	248
5541	212
5546	212
5547	212
5544	212
5545	212
3704	212
3705	212
2120	212
5890	212
5891	212
5892	212
5893	212
5894	212
5895	212
5896	212
5897	212
5898	212
5899	212
2124	212
4918	212
4862	212
4919	212
2129	212
4665	212
5453	212
4914	212
4915	212
4863	212
4912	212
4661	212
4910	212
4911	212
4860	212
322	212
323	212
320	212
321	212
326	212
327	212
324	212
325	212
328	212
329	212
1595	212
6138	212
6139	212
3071	212
6132	212
6133	212
6130	212
6131	212
6136	212
1597	212
6134	212
6135	212
1596	212
3074	212
1590	212
1593	212
3077	248
5176	212
2248	212
2249	212
2244	212
2245	212
2246	212
2247	212
2240	212
2241	212
2242	212
2243	212
5178	212
3401	212
3400	212
3403	212
3402	212
3405	212
3404	212
3407	212
3406	212
3409	212
3408	212
4875	212
4874	212
4877	212
4876	212
4871	212
4870	212
4873	212
4872	212
4879	212
4878	212
2068	212
2069	212
2798	212
2799	212
2792	212
2061	212
2790	212
2791	212
2796	212
2797	212
2794	212
2795	212
3257	212
7096	212
7097	248
7094	212
7095	212
7092	212
7093	212
7090	212
7091	212
7098	212
7099	212
4883	212
1359	212
1358	212
469	212
468	212
465	212
1352	212
467	212
1350	212
1357	248
460	212
1355	212
462	212
6958	212
6959	212
6488	212
6489	212
6482	212
6951	212
6480	212
6953	248
6486	212
6487	212
6484	212
6485	212
4885	212
3184	212
3185	212
3186	212
3187	212
3180	212
3181	212
3182	212
3183	212
3188	212
3189	212
4019	212
4018	212
4013	212
4012	590
4011	248
4010	212
4017	212
4016	212
4015	212
4014	212
3988	212
3989	212
3984	212
3985	212
3986	212
3987	212
3980	212
3981	212
3982	212
3983	248
5796	212
1111	212
1446	212
1113	212
289	248
288	212
1112	212
281	248
1115	212
283	248
282	248
285	248
284	248
287	212
1442	212
1441	212
1116	212
3430	212
1448	212
2477	248
2476	212
2475	212
2474	212
2473	212
2472	212
2471	212
2470	212
2479	248
2478	248
3432	212
1397	212
6309	212
6308	212
6305	212
6304	212
6307	212
6306	212
6301	212
6300	212
6303	212
6302	212
2907	212
2906	212
1986	212
3215	212
3216	212
1985	212
3210	212
3211	212
3212	212
3213	212
1638	212
1639	212
2904	212
3218	212
3219	212
1988	212
1989	212
2909	212
2815	212
2814	212
2817	212
2908	212
2811	212
2810	212
2813	212
2812	212
560	212
561	212
562	212
563	212
2819	212
2818	212
566	212
567	212
5429	212
5428	212
3379	212
3378	212
5425	212
3376	212
5427	212
5426	212
3373	212
5420	212
5423	212
5422	212
4248	212
4249	212
4246	212
4247	212
4244	212
4245	212
4242	212
4243	212
4240	212
4241	212
5520	248
5521	3500
5522	212
5523	212
5524	212
5525	212
5526	212
5527	5266
5528	5266
5529	212
48	212
49	212
46	212
47	212
44	212
45	212
42	212
43	212
40	212
41	212
4848	212
6547	212
6546	212
6545	212
6544	248
6543	212
6542	212
6541	212
6540	212
4849	212
6549	212
6548	212
344	212
345	212
346	212
347	212
340	212
341	212
342	212
343	212
348	212
349	212
6150	212
6151	212
6152	212
6153	212
6154	212
2132	212
6156	491
6157	212
6158	212
6159	212
4527	212
4830	212
4525	212
4832	212
4523	212
4522	212
4521	212
4520	212
4784	212
2268	212
2269	212
2262	212
2263	212
2260	212
2261	212
2266	212
2267	212
2264	212
2265	212
4813	212
4812	212
4811	212
4810	212
4817	212
4816	212
4815	212
4814	212
4819	212
4818	212
2048	212
2049	212
1365	212
7078	212
7079	212
7074	212
7075	212
7076	212
7077	212
7070	212
7071	212
7072	212
7073	212
6976	212
6977	212
6974	212
6975	212
6972	212
6973	212
6970	212
6971	212
6978	212
6979	212
4389	212
4388	23
4383	212
4382	212
4381	212
4380	212
4387	212
4386	212
4385	212
4384	212
1371	212
1370	212
1373	212
404	212
403	212
402	212
401	212
1376	212
1379	248
1378	212
409	212
408	212
4031	212
4030	212
4033	212
4032	212
4035	212
4034	212
4037	212
4036	212
4039	212
4038	212
2459	212
2458	212
2455	212
2454	212
2457	212
2456	212
2451	212
2450	212
2453	212
2452	212
1502	212
1503	212
1500	212
6369	212
6368	212
6363	212
6362	212
6361	212
6360	212
6367	212
6366	212
6365	212
6364	212
1504	212
1505	212
3087	248
3086	248
1977	212
3083	248
1600	212
659	212
3227	212
3226	212
1973	212
1972	212
3223	212
3222	212
3232	212
3233	212
3230	212
3231	212
5199	212
5198	212
3234	212
3235	212
5195	212
5194	212
1614	212
1615	212
1960	212
5190	212
5193	212
1963	212
2873	212
2872	212
2871	212
2870	212
2877	212
2876	212
2875	212
2874	212
2879	212
2878	212
3355	212
3354	212
3357	212
3356	212
3351	212
3350	212
3353	212
3352	212
3359	212
3358	212
5449	212
5448	212
5443	212
5442	212
5441	212
5440	212
5447	212
5446	212
5445	212
5444	212
5508	212
5509	212
5506	212
5507	212
5504	248
5505	212
5502	212
5503	212
5500	212
5501	212
542	212
543	212
540	212
541	212
546	212
547	212
544	212
545	212
548	212
549	212
6155	212
5137	212
5476	212
6569	212
6568	212
5477	212
6565	212
6564	212
6567	212
6566	212
6561	212
6560	212
6563	212
6562	212
5475	212
5472	212
5473	212
3827	212
3580	212
3825	212
3824	212
3823	212
3822	212
3821	212
5002	248
5471	212
5001	212
3829	212
3828	212
5000	212
5007	248
5135	212
5006	248
5005	212
5004	212
368	212
369	212
366	212
367	212
364	212
365	212
362	212
363	212
360	212
361	212
5008	212
6178	212
6179	212
6176	212
6177	212
6174	212
6175	212
6172	212
6173	212
6170	212
6171	212
5132	212
3217	212
2200	212
2201	212
2202	212
2203	212
2204	212
2205	212
2206	212
2207	212
2208	212
2209	212
5130	212
4428	212
4429	212
4839	212
4838	212
4529	212
4528	212
4831	212
4526	212
4833	212
4524	212
4835	212
4834	212
4837	212
4836	212
4420	212
4421	212
5298	212
5299	212
5296	212
5297	212
5294	212
5295	212
5292	212
5293	212
5290	212
5291	212
4425	212
4987	212
5510	212
7058	212
7059	212
7052	212
7053	212
7050	212
7051	212
7056	212
7057	212
7054	212
7055	212
5516	212
6998	212
6999	212
4913	212
6994	212
6995	6404
6996	212
6997	212
6990	3817
6991	212
6992	212
6993	212
2998	212
2999	212
59	212
58	212
55	212
54	212
57	212
56	212
51	212
50	212
53	212
52	212
2990	212
2991	212
1940	212
2992	212
2993	212
2994	212
2995	212
2996	212
2997	212
429	212
428	212
1399	212
1398	212
421	212
420	212
423	212
422	212
425	212
424	212
427	212
426	212
854	212
855	212
856	212
857	212
850	851
851	212
852	212
853	212
1422	212
1425	212
3474	212
2330	212
1424	212
2331	212
3475	212
2332	212
5474	212
2333	212
2334	212
2335	212
2336	212
4713	212
6699	212
6698	212
6693	212
6692	212
6691	212
6690	212
6697	212
6696	248
6695	212
6694	212
2439	212
2438	212
2433	212
2432	248
2431	212
2430	212
2437	212
2436	212
2435	212
2434	212
6341	212
6340	212
6343	4128
6342	212
6345	4128
6344	212
6347	212
6346	4128
6349	212
6348	212
5470	212
3782	212
3783	212
1805	212
3781	212
1803	212
3787	212
3784	212
1800	212
3788	212
3789	212
1809	212
1808	212
4996	212
4997	212
4994	212
4995	212
4992	212
4993	212
4990	212
6511	212
4998	212
4999	212
1547	212
6517	212
3258	212
3259	212
1948	248
1949	212
1942	212
1943	212
3252	212
1941	212
1946	248
1947	248
3256	212
1945	212
2859	2837
2858	2837
2851	212
2850	212
2853	212
2852	212
2855	212
2854	212
2857	2857
2856	2857
5461	212
1491	212
5463	212
5462	212
5465	212
5464	212
5467	212
1497	212
1498	212
1499	212
3339	248
1968	212
1395	212
1394	212
1393	212
1392	212
1391	212
1969	212
1390	212
524	212
525	212
526	212
527	212
520	212
521	212
522	212
523	212
528	212
529	212
1234	212
1235	212
1236	212
1237	212
1230	212
1231	212
1232	212
1233	212
1238	212
1239	212
1964	212
6509	212
6508	212
2488	212
6503	212
6502	212
6501	212
6500	212
6507	212
6506	212
6505	212
6504	212
2486	212
2487	212
4675	212
4674	212
3809	212
3808	212
3805	212
4673	212
3807	212
3806	212
3801	212
3800	212
3803	212
4904	212
2480	2480
4670	212
1967	212
4174	212
4175	248
4176	212
4177	212
4170	212
4171	212
4172	212
4173	212
4178	212
4179	212
1962	212
2228	212
2229	212
2226	212
2227	212
2224	212
2225	212
2222	212
2223	212
2220	212
2221	212
1	248
5925	212
5926	212
5927	212
5920	212
5921	212
5922	212
5923	212
5928	212
5929	212
4505	212
4504	212
4507	212
4506	212
4501	212
4500	212
4503	212
4502	212
4509	212
4508	212
2088	212
2089	212
2082	212
2083	212
2080	212
2081	212
2086	212
2087	212
2084	212
2085	212
7030	212
7031	212
7032	212
7033	212
7034	212
7035	212
7036	212
7037	212
7038	212
7039	212
1009	212
1008	212
1007	212
1006	212
1005	212
1004	212
1003	212
1002	212
1001	212
1000	212
4349	212
4348	212
4347	212
4346	212
4345	212
4344	212
4343	212
4342	212
4341	212
4340	212
5719	212
5718	212
5717	212
5716	212
5715	212
5714	212
5713	212
5712	212
5711	212
5710	212
3305	212
5090	212
3574	212
5092	212
5093	212
5094	212
5095	212
5096	212
5097	212
4497	212
4496	212
4495	212
4494	212
4493	212
4492	212
4491	212
4490	212
1829	212
1828	212
1825	212
1824	212
1827	212
1826	212
1821	212
1820	212
1823	212
1822	212
2411	212
2410	212
2145	212
2144	212
2143	212
2142	212
2141	212
2416	212
2419	212
2418	212
4976	212
4977	248
4970	212
4971	212
2149	212
4973	212
3311	212
3276	212
3277	248
1922	212
1923	212
1924	212
3273	212
1926	212
1927	212
1928	212
1929	212
3278	248
3279	248
5586	212
5587	212
5584	212
3319	212
3318	212
5585	212
4586	212
5488	212
5487	212
5486	212
5485	212
5484	212
5483	212
5482	212
5481	212
5480	212
5580	248
5581	212
60	212
61	212
62	212
63	212
64	212
65	212
66	212
67	212
68	212
69	212
508	248
509	212
506	212
507	212
504	212
505	212
502	212
503	212
500	212
501	212
630	212
631	212
632	212
1211	212
634	212
635	212
1214	212
1215	212
638	212
639	212
1218	212
1219	212
6521	212
6520	212
6523	212
6522	212
6525	212
6524	212
6527	212
6526	212
6529	212
6528	212
3869	212
3868	212
3863	212
3862	212
3861	212
3860	212
3867	212
3866	212
3865	212
3864	212
4152	212
4153	212
4150	212
4151	212
4156	212
4157	212
4154	212
4155	212
4158	212
4159	212
5902	212
5903	212
5900	212
5901	212
5906	4695
5907	212
5904	212
5905	212
5908	212
5909	212
3489	212
3488	212
3481	212
3480	212
3483	212
3482	212
3485	212
3484	212
3487	3469
3486	212
4563	212
4562	212
4561	212
4560	212
4567	212
4566	212
4565	212
4564	212
4569	212
4568	212
6064	212
6065	212
6066	212
6067	212
6060	212
6061	212
6062	212
6063	212
6068	212
6069	212
2604	212
2605	212
2606	212
5450	212
2600	851
2601	212
2602	212
2603	212
2608	212
2609	212
7018	212
7019	212
7016	212
7017	212
7014	212
7015	212
7012	212
7013	212
7010	212
7011	212
732	212
5454	212
753	212
752	212
751	212
750	212
757	212
756	212
755	212
1806	212
759	212
758	212
3780	212
1804	212
2958	212
2959	212
738	248
2954	212
5455	212
2956	212
2957	212
2950	212
2951	212
2952	212
2953	212
1025	212
5345	212
5346	248
1026	212
1021	212
1020	212
1023	212
5343	212
3785	212
5348	212
5349	212
5456	212
4365	212
4364	212
4367	212
4366	212
4361	212
4360	212
4363	212
4362	212
4369	212
4368	212
5457	212
3108	212
3109	212
3104	212
3105	212
3106	212
3107	212
3100	212
3101	212
3102	212
3103	212
5	248
4093	212
4092	212
4091	212
4090	212
4097	212
4096	212
4095	212
4094	248
4099	212
4991	499
5735	212
5734	212
5737	212
5736	212
5731	212
5730	212
5733	212
5732	212
5739	212
5738	212
1563	212
1564	212
1565	212
6659	248
6658	212
6657	212
6656	212
6655	212
6654	212
6653	212
6652	212
6651	212
6650	212
2125	212
6385	212
6384	212
6387	212
6386	212
6381	212
6380	212
6383	212
6382	212
6389	212
6388	212
2381	212
2380	212
2383	212
2382	212
2385	212
2384	212
2387	212
2386	212
2389	212
2388	212
1849	212
1848	212
1843	212
1842	212
1841	212
1840	212
1847	212
1846	212
1845	212
1844	212
3250	212
4958	212
4959	212
2169	212
2168	212
3251	212
2165	212
2164	212
2167	212
2166	212
4956	212
2160	248
2163	212
2162	212
3253	212
3254	212
3255	212
3298	248
1944	212
1908	212
1909	212
3294	212
1907	212
3296	212
5134	212
1902	212
1903	212
1900	248
3293	212
1732	212
2573	212
6891	3500
6890	212
6893	212
6892	212
6895	212
6894	212
6897	212
6896	212
6899	212
6898	212
5234	212
1278	212
1279	212
618	248
619	248
2042	212
612	212
613	212
610	212
1273	212
616	212
1275	212
614	248
615	212
1490	212
2043	212
5460	212
1492	212
1493	212
1494	212
1495	212
1496	212
5466	212
5469	212
5468	212
3338	212
3595	212
5039	212
3599	212
3598	212
4138	212
4139	212
5375	212
4130	212
4131	212
4132	212
4133	212
4134	212
4135	212
4136	212
4137	212
5692	212
5693	212
5690	212
5691	212
5696	212
5697	212
5694	212
5695	212
3849	248
3848	248
5698	212
5699	212
1077	212
5968	212
5969	212
5960	212
5961	212
5962	212
5963	212
5964	212
5965	212
5966	212
5967	3500
4549	212
4548	212
4541	212
4540	212
4543	212
4542	212
4545	212
4544	212
4547	212
4546	212
1073	212
2594	212
2595	212
2596	851
2597	212
2590	212
2591	212
2592	212
2593	212
2598	212
2599	851
1070	212
6042	212
6043	212
6040	212
6041	212
6046	212
6047	212
6044	212
6045	212
5372	212
6048	212
6049	212
2622	212
2623	212
2620	212
2621	212
2626	212
2627	212
2624	212
2625	212
2628	212
2629	212
775	212
774	212
777	212
776	212
771	212
770	212
773	212
772	212
779	212
778	212
77	212
76	212
2978	212
2979	212
73	212
72	212
71	212
70	212
2972	212
2973	212
2970	212
2971	212
2976	212
2977	212
2974	212
2975	212
1043	248
1042	212
5360	212
1040	212
5366	212
5367	212
5364	212
5365	212
5368	212
5369	212
1506	212
4303	212
4302	212
4301	212
4300	212
4307	212
4306	212
4305	212
4304	212
841	212
4309	212
4308	212
1507	212
3128	212
3129	212
3122	212
3123	212
3120	212
3121	212
3126	212
3127	212
3124	212
3125	212
5753	212
5752	212
5751	212
5750	212
5757	212
5756	212
5755	212
5754	212
5759	212
5758	212
3445	212
4609	212
3444	212
3447	212
862	212
865	212
864	212
3443	212
3442	212
2756	212
2757	212
2754	212
2755	212
2752	212
2753	212
4707	212
2750	212
4706	212
2023	212
4604	212
4705	212
6675	212
6674	212
6677	212
6676	212
6671	212
6670	212
6673	212
6672	212
4703	212
6679	212
6678	212
4702	212
2325	212
4700	212
5197	212
4801	212
5196	212
2369	212
2368	212
2367	212
2366	212
2365	212
2364	212
2363	212
2362	212
2361	212
2360	212
5191	212
1861	212
1860	212
1863	212
1862	212
3728	212
1864	212
1867	212
1866	212
1869	212
1868	212
3726	212
3727	212
3720	212
3721	212
3722	212
3723	212
4930	212
4931	212
4932	212
4933	212
4934	212
4935	212
4936	212
4681	212
4938	212
1613	212
4688	212
4689	212
2109	212
2108	212
2103	212
2102	212
2101	212
2100	212
2107	212
2106	212
2105	212
2104	212
5115	212
5114	212
5117	212
5116	212
5111	212
5110	212
5113	212
1610	212
5119	212
5118	212
1611	212
9	248
890	212
891	212
892	248
893	212
894	212
895	212
896	212
897	248
898	212
899	212
1788	212
1789	212
1780	212
1781	212
1782	212
1783	212
1784	212
1785	212
1786	212
1787	212
6879	212
6878	212
6877	212
6876	212
6875	212
6874	212
6873	212
6872	212
6871	212
6870	212
3804	212
678	212
679	212
674	212
675	212
676	212
677	212
670	212
671	212
672	212
673	212
4649	212
3802	248
4642	212
4643	212
4640	212
4641	212
4646	212
1965	212
4647	212
4644	212
4645	212
1256	212
1257	212
1254	212
1255	212
1520	212
1253	212
1250	212
1251	212
1528	212
1529	212
1258	212
1259	212
4116	212
4117	212
4114	212
4115	212
4112	212
4113	212
4110	212
4111	212
4118	212
4119	212
3343	212
7103	212
3340	212
7109	212
3341	212
5946	212
5947	212
5944	212
5945	212
5942	212
5943	212
5940	212
5941	212
5948	212
5949	212
1602	212
3344	212
141	212
6028	212
6029	212
6020	212
6021	212
6022	212
6023	212
6024	212
6025	212
6026	212
6027	212
2648	212
2649	212
2640	212
2641	212
2642	212
2643	212
2644	212
2645	212
2646	212
2647	212
6955	212
3557	212
3556	212
3555	212
3554	212
3553	212
3552	212
3551	212
3550	212
3559	212
3558	212
2910	212
2911	212
2912	212
2913	212
2914	212
2915	212
2916	212
718	212
717	212
716	212
715	212
714	212
713	212
712	212
711	212
710	212
1069	248
1068	248
1061	212
1060	248
1063	248
1062	212
1065	248
1064	248
1067	212
1066	212
6956	212
4329	212
4328	212
4321	212
4320	212
4323	212
4322	212
4325	212
4324	212
4327	212
4326	212
3140	212
3141	212
3142	212
3143	212
3144	212
3145	212
3146	212
3147	212
3148	212
3149	212
1630	212
5779	212
5778	212
5771	212
5770	212
5773	212
5772	212
5775	212
5774	212
5777	212
5776	212
1632	212
1633	212
1634	212
6613	212
6612	212
6611	212
6610	212
6617	212
6616	212
6615	212
6614	212
6619	212
6618	212
3500	212
1636	212
3501	212
3502	212
3503	212
3504	212
3505	212
1637	212
3506	212
3507	212
2345	212
2344	212
2347	212
2346	212
2341	212
2340	212
2343	212
2342	212
2349	212
2348	212
2067	212
3708	212
3709	212
1889	212
1888	212
3702	212
3703	212
1885	212
3701	212
3706	212
3707	212
1881	212
1880	212
2121	212
6446	212
2123	212
2122	212
4668	248
4669	212
2127	212
2126	212
4664	212
2128	248
4666	212
4667	212
4660	212
6444	212
4662	212
4663	212
6917	212
6910	212
6911	212
5173	212
5172	212
5171	212
5170	2928
5177	212
6440	212
5175	212
5174	212
5179	212
6441	212
133	212
132	212
131	212
130	212
137	212
136	212
135	212
134	212
139	212
138	212
5924	212
6855	212
6854	212
6857	212
6856	212
6851	212
6850	212
6853	212
6852	212
6859	212
6858	212
5339	212
88	212
89	212
82	212
83	212
80	212
81	212
86	212
87	248
84	212
85	248
6583	248
6582	212
6581	212
6580	212
6587	212
6586	212
6585	212
6584	212
6589	212
6588	212
3368	212
656	212
657	212
654	212
655	212
652	212
653	212
650	212
651	212
3085	248
3084	212
1508	212
1509	212
3081	248
3080	248
658	212
3082	248
3369	212
3885	212
3884	212
3887	212
3886	212
3881	212
3880	212
3883	212
3882	212
3889	212
3888	212
2484	212
1884	212
1883	212
7123	212
1882	212
3960	248
6006	212
6007	212
6004	212
6005	212
6002	212
6003	3817
6000	212
6001	212
6008	212
6009	212
995	212
994	212
997	212
996	212
991	212
990	212
993	212
992	212
999	212
998	212
5098	212
5099	212
3579	212
3578	212
3575	212
5091	248
3577	212
3576	212
3571	212
3570	212
3573	212
3572	212
2666	212
2667	212
2664	212
2665	248
2662	248
2663	248
2660	248
2661	212
2668	212
2669	212
2938	212
2939	212
2936	212
2937	212
2934	212
2935	212
2932	212
2933	212
2930	212
2931	212
5326	212
5327	212
5324	212
5325	212
5322	212
5323	212
5320	212
5321	212
3799	212
5328	212
1837	248
1396	212
1743	212
3797	212
1839	212
2161	248
3168	212
3169	212
3166	212
3167	212
3164	212
3165	248
3162	212
3163	212
3160	212
3161	212
2406	212
2407	212
4983	212
731	212
730	212
733	212
4982	248
735	212
734	212
737	248
736	212
739	248
2150	212
2403	212
2400	212
4986	212
2006	212
6639	212
6638	212
6631	212
6630	212
6633	212
6632	212
6635	212
6634	212
6637	212
6636	212
2008	212
2323	212
2322	212
2321	212
2320	212
2327	212
2326	212
4701	248
2324	212
2329	212
2328	212
4709	212
4708	212
3760	212
3761	212
3762	248
3763	212
3764	212
3765	212
3766	212
3767	212
3768	212
3769	212
1560	212
1792	212
1561	212
1616	212
286	248
1562	212
2499	212
2498	212
4648	212
1291	212
2491	212
2490	212
2493	212
2492	212
2495	212
2494	212
2497	212
2496	212
1566	212
1567	212
5159	212
5158	212
5151	212
5150	212
5153	212
5152	212
5155	212
5154	212
5157	212
5156	212
115	212
114	212
117	212
116	212
111	212
110	212
113	212
112	212
3244	212
119	212
118	212
1330	212
6833	212
6832	212
6831	212
6830	212
6837	248
6836	212
6835	212
6834	212
6839	212
6838	248
1748	212
1749	212
1744	212
5498	212
1746	212
1747	212
1740	212
1741	212
1742	212
5499	212
3308	212
3309	212
5494	212
5495	212
5496	212
1802	212
5497	212
5490	212
5491	212
1568	212
1569	212
1298	212
1299	212
5492	212
1292	212
1293	212
1290	212
5493	212
1296	212
1297	212
1294	212
1295	212
5638	212
5639	212
5634	212
5635	212
5636	212
5637	212
5630	212
5631	212
5632	212
5633	212
