25
0.118872391435
5988	234
5989	234
5982	234
5983	234
5980	234
5981	234
5986	234
5987	234
5984	234
5985	234
6796	234
6797	234
6794	234
6795	234
6792	234
6793	234
6790	234
6791	234
6798	234
6799	234
2147	234
270	284
271	284
272	284
273	284
274	234
275	284
276	284
277	284
278	284
279	284
2146	234
3282	284
3519	234
3518	234
3513	234
3512	234
3511	234
3510	234
3517	234
3516	234
3515	234
3514	234
2688	234
2689	234
2684	234
2685	234
2686	234
2687	234
2680	234
2681	234
2682	234
2683	234
99	234
98	234
91	234
90	234
93	234
92	234
95	234
94	234
97	234
96	234
1177	234
1176	234
1175	234
1174	234
1173	234
1172	234
1171	234
1170	234
1179	234
1178	234
7188	234
7189	234
877	234
7180	234
7181	234
7182	234
7183	234
7184	234
7185	234
7186	234
7187	234
623	234
3433	234
622	234
3434	234
1225	234
873	284
620	284
870	234
627	234
871	234
626	234
2741	234
625	234
4593	234
624	234
4590	234
4591	234
2033	234
2032	234
4594	234
2746	234
4844	234
4845	284
4846	284
4847	234
2318	234
2319	234
2039	234
2038	234
2314	234
2315	234
393	234
392	234
391	234
390	234
397	234
396	234
395	234
394	234
399	234
398	234
2309	234
2308	234
4729	234
4728	234
4725	284
4724	234
4727	234
4726	234
4721	234
4720	234
4723	234
4722	234
5847	234
5846	234
5845	234
5844	234
5843	234
5842	234
5841	234
5840	234
5849	234
5848	234
3748	234
3749	234
3746	234
3747	234
3744	234
3745	234
3742	234
3743	234
3740	234
3741	234
4620	234
4621	234
4622	234
4623	234
4624	234
4625	234
4626	234
4627	234
4628	234
4629	234
179	234
178	234
177	234
176	234
175	234
174	234
173	234
172	234
171	234
170	234
7218	234
7219	234
7210	234
7211	234
7212	234
7213	234
7214	234
7215	284
7216	234
7217	234
6217	234
6216	234
6215	234
6214	234
6213	234
6212	234
6211	234
6210	234
6219	234
6218	234
6819	234
6818	234
6811	234
6810	234
6813	234
6812	234
6815	234
6814	234
6817	234
6816	234
1601	234
1768	234
1769	234
1762	234
1763	234
1760	234
1761	234
1766	234
1767	234
1764	234
1765	234
1546	234
693	234
690	234
691	234
696	234
697	234
694	234
695	234
698	234
699	234
1548	234
1549	234
5618	234
5619	234
5612	234
5613	284
5610	234
5611	234
5616	234
5617	234
5614	284
5615	234
6778	234
6779	234
6774	234
6775	234
6776	234
6777	234
6770	234
6771	234
6772	234
6773	234
258	234
259	284
252	284
253	284
250	284
251	284
256	234
257	284
254	284
255	234
3689	234
3688	234
3683	234
3682	284
3681	284
3680	234
3687	234
3686	234
3685	234
3684	234
2518	234
2519	234
2514	234
2515	234
2516	234
2517	234
2510	234
2511	234
2512	284
2513	234
3531	234
3530	234
3533	284
3532	234
5058	234
5059	234
3537	284
3536	234
3539	234
5055	234
5056	234
5057	234
5050	5051
5051	5051
5052	234
5053	284
1159	234
1158	234
1155	284
1154	284
1157	234
1156	234
1151	284
1150	234
1153	234
1152	284
4299	234
4298	234
4295	234
4294	234
4297	234
4296	234
4291	234
4290	234
4293	234
4292	234
4749	234
4748	234
4743	234
4742	234
4741	234
4740	234
4747	234
4746	234
4745	234
4744	234
5869	234
5868	234
5865	234
5864	234
5867	234
5866	234
5861	2264
5860	234
5863	234
5862	234
2183	234
2182	234
2181	234
2180	234
2187	234
2186	234
2185	234
2184	234
4606	284
4607	234
2189	234
2188	234
4602	284
4603	234
4600	234
4601	234
6907	234
6906	234
6453	234
6452	234
6455	234
6902	234
151	234
150	234
153	284
152	234
155	284
154	284
157	234
156	234
159	234
158	234
6900	234
6187	234
6186	234
6185	234
6184	234
6183	234
6182	234
6181	234
6180	234
6954	234
6189	234
6188	234
2727	234
2726	234
2725	234
2724	234
2723	234
2722	234
2721	234
2720	234
2729	234
2728	234
7234	234
7235	234
7232	234
7233	234
7230	234
7231	234
692	234
6239	234
6238	234
3089	284
6235	234
6234	234
6237	234
6236	234
6231	234
6230	234
6233	234
6232	234
3088	234
818	234
819	234
810	234
811	234
812	234
813	234
814	234
815	234
816	234
817	234
1700	234
1701	234
5265	234
5264	234
1704	234
1705	234
1706	234
1707	234
1708	234
1709	234
2097	234
5269	234
5268	234
2096	234
4574	234
4575	234
2093	234
4577	234
3959	284
3029	234
3028	234
3027	234
3026	234
3025	234
3024	234
3023	234
3022	234
3021	234
3020	234
4198	234
4199	234
4196	234
4197	234
4194	234
4195	234
4192	234
4193	234
4190	234
4191	234
5670	234
5671	234
5672	234
5673	234
5674	234
5675	234
5676	234
5677	234
5678	234
5679	234
473	234
6437	234
6436	234
6435	234
6434	234
6433	234
6432	234
6431	234
6430	234
6439	284
6438	234
6758	234
6759	234
6752	234
6753	234
6750	234
6751	234
6756	234
6757	234
6754	234
6755	234
238	234
239	234
234	234
235	234
236	234
237	234
230	234
231	234
232	234
233	234
4680	234
2538	234
2539	234
2532	234
2533	234
2530	234
2531	234
2536	234
2537	234
2534	23
2535	23
5078	234
5079	234
5072	234
5073	234
5070	234
5071	234
5076	234
5077	234
5074	234
5075	234
939	234
938	234
933	234
932	234
931	234
930	234
937	234
936	234
935	234
934	234
5380	234
5381	234
5382	234
5383	234
5384	234
5385	234
5386	234
5387	234
5388	234
5389	234
797	234
796	234
795	234
794	234
793	234
792	234
791	234
790	234
2413	234
799	234
798	234
2412	234
2415	234
2414	234
1139	284
1138	284
2417	234
1133	284
1132	284
1131	284
1130	284
1137	284
1136	284
1135	284
1134	284
4974	234
4975	234
7148	234
7149	234
7144	234
7145	234
7146	234
7147	234
7140	234
7141	234
7142	234
7143	234
4972	234
2148	234
2882	234
2883	234
2880	234
2881	234
2886	234
2887	234
2884	234
2885	234
2888	234
2889	234
2	284
1920	234
1921	234
3274	234
3275	234
3272	234
3310	234
1925	234
3270	234
3271	234
4761	234
4760	234
4763	234
4762	234
4765	234
4764	234
4767	234
4766	234
4769	3954
4768	234
5809	234
5808	234
5803	234
5802	234
5801	234
5800	234
5807	234
5806	234
5805	234
5804	234
685	234
1572	234
687	234
1570	234
1577	234
680	234
1575	234
682	234
3313	234
4888	234
4889	234
2709	234
2708	234
2705	234
2704	234
2707	234
2706	234
4884	234
2700	234
4886	234
2702	234
6259	234
6258	234
6253	234
6252	234
6251	234
6250	6250
6257	234
6256	234
6255	234
6254	234
475	234
832	284
833	234
830	234
831	284
836	234
837	234
834	234
3473	234
838	234
839	284
3478	234
3479	234
5249	234
5248	234
1728	234
1729	234
1726	234
5244	234
1724	234
1725	234
1722	234
1723	234
1720	234
1721	234
5489	234
3005	234
3004	234
3007	234
3006	234
3001	234
3000	234
3003	234
3002	234
3009	234
3008	234
1588	234
1589	234
1582	234
1583	234
1580	234
1581	234
1586	234
1587	234
1584	234
1585	234
3317	234
3316	234
1635	234
5658	234
5659	234
5656	234
5657	234
5654	234
5655	234
5652	234
5653	234
5650	234
5651	234
6419	234
6418	234
6415	234
6414	234
6417	234
6416	234
6411	234
6410	234
6413	234
6412	234
3917	1340
3916	234
3915	234
3914	234
3913	234
3912	234
3911	234
3910	234
3919	234
3918	234
6730	234
6731	234
6732	234
6733	234
6734	234
6735	234
6736	234
6737	234
6738	234
6739	234
216	234
217	234
214	234
215	234
212	234
213	234
210	234
211	234
218	234
219	234
6088	234
6089	234
6086	234
6087	234
6084	234
6085	234
6082	234
6083	234
6080	234
6081	234
3649	234
3648	234
3647	234
3646	234
3645	234
3644	234
3643	234
3642	234
3641	234
3640	234
2550	234
2551	234
2552	234
2553	234
2554	234
2555	234
2556	234
2557	234
2558	234
2559	234
5010	234
5011	234
5012	284
5013	234
5014	234
5015	234
5016	234
5017	284
5018	234
5019	234
4419	234
4418	234
4417	234
4416	234
4415	234
4414	234
4413	234
4412	234
4411	234
4410	234
919	234
918	234
915	284
914	284
917	234
916	234
911	284
910	234
913	284
912	284
7168	234
7169	234
7162	234
7163	234
7160	234
7161	234
7166	234
7167	234
7164	234
7165	234
1212	234
1807	234
1213	234
1210	234
633	234
1605	234
1216	234
1217	234
636	234
637	284
1447	234
1110	234
1445	234
1444	234
1443	234
1114	234
1117	234
1440	234
1119	234
1118	234
1449	234
4588	234
2004	234
4858	234
4857	234
4856	234
4587	234
2009	234
4853	234
4852	234
2301	234
4583	234
2300	234
4582	234
2303	234
2302	234
2305	234
2304	234
2307	234
4789	234
4788	234
4787	234
4786	234
4785	234
2306	234
4783	234
4782	234
4781	234
4780	234
5821	234
5820	234
5823	284
5822	284
5825	234
5824	234
5827	234
5826	234
5829	234
5828	234
1801	234
1182	234
199	234
198	234
195	234
194	234
197	234
196	234
191	234
190	234
193	234
192	234
2769	234
2768	234
2763	234
2762	234
2761	234
2760	234
2767	234
2766	234
2765	234
2764	234
6271	234
6270	234
6273	234
6272	234
6275	234
6274	234
6277	234
6276	234
6279	234
6278	234
1183	234
4916	234
3452	234
3453	234
3450	234
3451	234
3456	234
3457	234
3454	234
3455	234
3458	234
3459	234
858	234
859	234
6	234
5229	234
5228	234
5223	234
5222	234
5221	234
5220	234
5227	234
5226	234
5225	234
5224	234
3063	234
3062	234
3061	234
3060	234
3067	234
3066	234
3065	234
3064	234
3069	234
3068	234
1304	234
1305	234
1306	234
1307	234
1300	234
1301	234
1302	234
1303	234
1308	234
1309	234
498	234
499	234
494	234
495	234
496	234
497	234
490	234
491	234
492	234
493	234
6479	234
6478	234
6473	234
6472	234
6471	234
6470	234
6477	234
6476	234
6475	234
6474	234
3939	234
3938	234
3935	234
3934	234
3937	234
3936	234
3931	234
3930	234
3933	234
3932	234
1241	234
6718	234
6719	234
6716	234
6717	234
6714	234
6715	234
6712	234
6713	234
6710	234
6711	234
1604	234
4044	234
4045	234
4046	234
4047	234
4040	234
4041	234
4042	234
4043	234
4048	234
4049	234
3665	234
3664	234
3667	234
3666	234
3661	234
3660	234
3663	234
3662	234
3669	234
3668	234
2578	234
2579	234
2576	234
2577	234
2574	234
2575	234
2572	234
5583	234
2570	234
2571	234
3593	234
3592	234
3591	234
3590	234
3597	234
3596	234
5038	234
3594	234
5036	234
5037	1340
5034	234
5035	234
5032	234
5033	234
5030	234
5031	234
4435	234
4434	234
4437	234
4436	234
4431	234
4430	234
4433	234
4432	234
4439	234
4438	234
977	234
976	234
975	234
974	234
973	234
972	234
971	234
970	234
979	234
978	234
1243	234
3386	234
3387	234
3384	234
7100	234
7101	234
7102	234
3385	234
7104	234
7105	284
7106	234
7107	5991
7108	234
5410	234
5411	234
5412	234
5413	234
1681	234
1680	234
1683	234
1682	234
1685	234
1684	234
1687	234
1686	234
1689	234
1688	234
4917	234
1469	234
1468	234
1465	234
1464	234
1467	234
1466	234
1461	284
1460	284
1463	234
1462	234
4239	234
4238	234
4237	234
4236	234
4235	234
4234	234
4233	234
4232	234
4231	234
4230	234
5591	234
5590	234
5593	234
5592	234
5595	234
5594	234
5597	234
5596	234
5599	234
5598	234
319	234
318	234
313	234
312	234
311	234
310	234
317	234
316	234
315	234
314	234
3299	284
443	234
442	234
441	234
440	234
1331	234
4218	234
445	234
444	234
405	234
2299	234
2298	234
2293	234
2292	234
2291	234
2290	284
2297	234
2296	234
2295	234
2294	234
6299	234
6298	234
6297	234
6296	234
6295	234
6294	234
6293	234
6292	234
6291	234
6290	234
4704	234
5574	234
4672	234
3438	234
3439	234
878	234
879	234
876	234
3431	234
874	234
875	234
872	234
3435	234
3436	234
3437	234
4592	234
2740	284
2743	234
2742	284
2745	234
2744	234
2031	234
2030	234
2749	234
2748	234
4598	234
4599	234
4840	234
4841	234
4842	234
4843	234
4937	234
5201	234
5200	234
5203	234
5202	234
5205	234
5204	234
5207	234
5206	234
5209	234
5208	234
1911	234
4939	234
1910	234
3049	234
3048	234
3041	234
3040	234
3043	234
3042	234
3045	234
3044	234
3047	234
3046	234
1913	234
1094	234
1095	234
1096	234
1097	234
1090	234
1091	234
1092	234
1093	234
1098	234
1099	234
5192	234
1322	234
1323	234
1320	234
1321	234
1326	234
1327	234
1324	234
1325	234
1328	234
1329	234
6451	234
6450	234
6905	234
6904	234
6903	234
6454	234
6901	234
6456	234
6459	234
6458	234
6909	234
6908	234
1917	234
1916	234
3958	284
3953	234
3952	234
3951	234
3950	234
3957	234
3956	234
3955	234
3954	234
1966	234
4062	234
4063	234
4060	234
4061	234
4066	234
4067	234
4064	234
4065	234
4068	234
4069	234
5784	234
5785	234
5786	234
5787	234
5780	234
5781	234
5782	234
5783	234
5788	234
5789	234
3603	234
3602	234
3601	234
3600	234
3607	234
3606	234
3605	234
3604	234
3609	234
3608	234
4453	234
4452	234
4451	234
4450	234
4457	234
4456	234
4455	234
4454	234
4459	234
4458	234
959	234
958	234
951	234
950	234
953	234
952	234
955	234
954	234
957	234
956	234
6334	234
6335	234
6336	234
6337	234
6330	234
6331	234
6332	317
6333	234
6338	234
6339	234
2174	234
2175	234
7128	234
7129	234
7126	234
7127	234
7124	234
7125	234
7122	234
4965	284
7120	234
7121	234
4964	284
1669	234
1668	234
1667	234
1666	234
1665	284
1664	284
1663	234
1662	234
1661	234
1660	234
591	234
590	5051
593	234
592	234
595	234
594	234
597	234
596	234
599	234
598	234
2607	234
2828	284
2829	234
2824	234
2825	234
2826	234
2827	234
2820	234
2821	234
2822	234
2823	234
5414	234
5415	234
5416	234
5417	234
3382	234
3383	234
3380	234
3381	234
5418	234
5419	234
3388	234
3389	234
1409	234
1408	234
1403	234
1402	234
1401	234
1400	234
1407	234
1406	234
1405	234
1404	234
4215	234
4214	234
4217	234
4216	234
4211	234
4210	234
4213	234
4212	234
3961	234
4219	234
1544	234
1545	234
1542	234
1543	234
1933	234
1540	234
5579	234
5578	234
5577	234
5576	234
5575	234
1541	234
5573	234
5572	234
5571	234
5570	234
1930	234
5799	234
3265	234
5798	234
5129	234
339	234
338	234
335	234
334	234
337	234
1934	234
331	234
330	234
333	234
332	234
3269	234
3268	234
1939	234
1938	234
3195	234
3631	234
6109	234
6108	234
6107	234
6106	234
6105	234
6104	234
6103	234
6102	234
6101	234
6100	234
3336	284
1932	234
3416	234
3417	234
3414	234
3415	234
3412	234
3413	234
3410	234
3411	234
1931	234
3418	234
3419	234
4868	4128
4869	234
2019	234
2018	234
2015	234
2014	234
2017	234
2016	234
2011	234
2010	234
4864	234
4865	234
1937	234
3335	284
1936	234
3193	234
1935	234
1348	234
459	234
1340	1340
1341	1340
1342	234
453	234
1344	234
1345	234
456	234
1347	234
6929	234
6928	234
6925	234
6924	234
6927	234
6926	234
6921	234
6920	234
6923	234
6922	234
4008	234
4009	234
3191	234
4000	234
4001	234
4002	234
4003	234
4004	234
4005	234
4006	234
4007	234
3971	234
3970	234
3973	234
3972	234
3975	234
3974	234
3977	234
3976	234
3979	234
3978	234
3629	234
3628	234
3621	234
3620	234
3623	234
3622	234
3625	234
3624	234
3627	234
3626	234
4479	234
4478	234
2955	234
4471	234
4470	234
4473	234
4472	234
4475	234
4474	234
4477	234
4476	234
6447	1188
2464	234
2465	234
2466	234
2467	234
2460	234
2461	234
2462	234
2463	234
2468	234
2469	234
5347	234
5340	234
5341	234
5342	234
1022	234
6312	234
6313	234
6310	234
6311	234
6316	234
6317	234
6314	234
6315	234
6318	234
6319	234
1029	234
1028	234
1645	234
1644	234
1647	234
1646	234
1641	234
1640	234
1643	234
1642	234
1649	234
1648	234
579	234
578	234
573	234
572	234
571	234
570	234
577	234
576	234
575	234
574	234
2808	234
2809	234
2802	234
2803	234
2800	234
2801	234
2806	234
2807	234
2804	234
2805	234
1421	234
1420	234
5430	234
5431	234
5436	234
5437	234
5434	234
1426	234
1429	234
1428	234
3366	234
3367	234
3360	234
3361	234
3362	234
3363	234
4957	234
4273	234
4272	234
4271	234
4270	234
4277	234
4276	234
4275	234
4274	234
609	234
4279	234
4278	234
608	234
5555	234
5554	234
5557	234
5556	234
5551	234
5550	234
5553	234
5552	234
5559	234
5558	234
4861	234
4866	234
4867	234
2013	234
2012	234
5883	234
5882	234
5881	234
5880	234
5887	284
5886	234
5885	234
5884	234
5889	234
5888	234
6554	234
6555	234
6556	234
6557	234
6550	234
6551	234
6552	234
6553	234
6558	234
6559	234
357	234
356	234
355	234
354	234
353	234
352	234
351	234
350	234
359	234
358	234
6125	234
6124	234
6127	234
6126	234
6121	234
6120	234
6123	234
6122	234
6129	234
6128	234
3750	234
2190	234
2191	234
2192	234
2193	234
2259	234
2258	234
2257	234
2194	234
2255	234
2254	234
2253	234
2252	234
2251	234
2195	234
2196	234
2197	234
4800	234
2784	234
2787	234
2786	234
2781	234
2780	234
2783	234
2782	234
4808	234
4809	234
2789	234
2788	234
2079	234
2078	234
2073	234
2072	234
2071	234
2070	234
2077	234
2076	234
2075	234
2074	234
4098	234
7081	234
7080	234
7083	284
7082	234
7085	234
7084	234
7087	284
7086	234
7089	234
7088	284
6495	234
6494	234
6497	234
6496	234
6491	234
6490	234
6493	234
6492	234
6499	234
6498	234
6949	234
6948	234
6943	3783
6942	234
6941	234
6940	234
6947	234
6946	234
6945	234
6944	234
4398	234
4399	234
4390	234
4391	234
4392	234
4393	234
4394	234
4395	234
4396	234
4397	234
472	234
3196	234
1364	234
471	234
1362	234
1363	234
1360	234
1361	234
478	234
479	234
1368	234
1369	234
4026	234
4027	234
4024	284
4025	234
4022	234
4023	234
4020	234
4021	234
4028	234
4029	234
3999	234
3998	234
3997	234
3996	234
3995	234
3994	234
3993	284
3992	234
3991	234
3990	234
298	234
299	234
296	234
297	234
294	234
295	234
292	234
293	234
290	234
291	234
587	284
581	234
2442	234
2443	234
2440	234
2441	234
2446	234
2447	234
2444	234
2445	234
2448	234
2449	234
6378	234
6379	234
6370	234
6371	234
6372	234
6373	234
6374	234
6375	234
6376	234
6377	234
4978	234
4979	234
3391	234
5406	234
5405	234
5404	234
3395	234
5402	234
1623	234
1622	234
1621	234
1620	234
1627	234
1626	234
1625	234
3200	234
1999	234
1998	234
1629	234
1628	234
3209	234
3208	234
3398	234
3535	234
3534	284
2860	2837
2861	234
2862	234
2863	234
559	284
558	234
2866	234
2867	234
555	234
554	234
557	234
556	234
551	234
550	234
553	234
552	234
5054	284
1438	234
3538	234
5408	234
1199	234
1198	234
3348	234
3349	234
1191	234
5451	234
1193	234
1192	234
1195	234
1194	234
1197	234
1196	234
4259	234
4258	234
4251	234
4250	284
4253	234
4252	234
4255	234
4254	234
4257	234
4256	234
5533	234
5532	234
5531	234
5530	234
5537	234
5536	234
5535	234
5534	234
5539	234
5538	234
458	234
1349	234
6572	234
6573	234
6570	234
6571	234
6576	234
6577	234
6574	234
6575	234
6578	234
6579	234
450	234
451	234
452	234
3834	234
3835	234
3836	234
3837	234
3830	234
3831	234
3832	234
3833	234
454	234
5101	234
3838	234
3839	234
455	234
3207	234
1346	234
457	234
5106	234
379	234
378	234
371	234
370	234
373	234
372	234
375	234
374	234
377	234
376	234
6143	234
6142	234
6141	234
6140	234
6147	234
6146	234
6145	234
6144	234
6149	234
6148	234
3203	234
2275	234
2274	234
2277	234
2276	234
2271	234
2270	234
2273	234
2272	234
2279	234
2278	234
2051	234
2050	234
2053	234
2052	234
2055	234
2054	234
2057	234
4829	234
2059	234
2058	234
4824	234
4537	234
4530	234
4531	234
4532	234
4821	284
2405	234
7069	234
7068	234
7067	234
7066	234
7065	234
7064	234
7063	234
7062	234
7061	234
7060	234
3786	234
6961	234
6960	234
6963	234
6962	234
6965	234
6964	234
6967	234
6966	234
6969	234
6968	234
414	234
415	234
416	234
417	234
410	234
411	234
412	234
413	234
1384	284
1385	284
1386	234
1387	234
418	234
419	234
1382	234
1383	284
1775	284
1774	234
1777	284
1776	234
1771	234
1770	234
5272	234
1772	234
1779	234
1778	284
6688	234
6689	234
6680	234
6681	234
6682	234
6683	234
6684	234
6685	234
6686	234
6687	234
2428	234
2429	234
2420	234
2421	234
2422	234
2423	234
2424	234
2425	234
2426	234
2427	234
6356	234
6357	234
6354	234
6355	234
6352	234
6353	234
6350	234
6351	234
6358	234
6359	234
1814	234
1815	234
1816	234
1817	234
1810	234
1811	234
1812	234
1813	234
1818	234
1819	234
4952	234
4953	234
4950	284
1609	234
1608	234
4951	234
3229	234
3228	234
1979	234
1978	234
3225	234
3224	234
1975	234
1974	234
3221	234
3220	234
1971	234
1970	234
4954	234
4955	234
2848	234
2849	234
2846	284
2847	234
2844	234
2845	234
2842	234
2843	234
2840	234
2841	234
3320	234
3321	234
3322	234
3323	234
3324	234
3325	234
3326	234
3327	234
3328	234
3329	234
5478	234
5479	234
5519	234
5518	234
5511	234
3038	234
5513	6376
5512	234
5515	234
5514	6376
5517	234
3039	234
1559	234
537	234
536	234
535	234
534	234
533	234
532	234
531	234
530	234
539	234
538	234
1976	234
5139	234
1558	234
5138	234
1906	234
5136	3954
1904	234
6518	234
6519	234
1905	234
6510	234
5133	284
6512	234
6513	234
6514	234
6515	234
6516	234
3291	284
5131	234
1901	234
3812	234
3813	284
3810	234
3811	234
3816	234
3817	6989
3814	284
3815	234
3818	234
3819	234
6169	234
6168	234
6161	234
6160	234
6163	234
6162	234
6165	234
6164	234
6167	234
6166	234
2213	234
2212	234
2211	234
2210	234
2217	234
2216	234
2215	234
2214	234
2219	284
2218	234
6137	234
4518	234
4519	234
4512	234
4513	234
4510	234
4511	234
4516	234
4517	234
4514	234
4515	234
5289	234
5288	234
5281	234
5280	234
5283	234
5282	234
5285	234
5284	234
5287	234
5286	234
7045	234
7044	234
7047	234
7046	234
7041	234
7040	234
7043	234
7042	234
7049	234
7048	234
6989	6989
6988	234
6987	234
6986	234
6985	234
6984	234
6983	234
6982	234
6981	234
6980	234
2989	234
2988	234
2983	234
2982	234
2981	234
2980	234
2987	234
2986	234
2985	234
2984	234
1018	234
1019	234
1014	234
1015	234
1016	234
1017	234
1010	234
1011	234
1012	234
1013	234
4358	234
4359	234
4354	234
4355	234
4356	234
4357	234
4350	234
4351	234
4352	234
4353	234
438	234
439	234
436	234
437	234
434	234
435	234
432	234
433	234
430	234
431	234
3312	234
5708	234
5709	234
5704	234
5705	234
5706	234
5707	234
5700	234
5701	234
5702	234
5703	234
3315	234
3314	234
1434	234
1435	234
1432	234
5357	234
5356	234
1052	284
1430	234
5354	234
1054	284
5352	234
1056	284
1057	234
1431	234
5329	234
1832	234
1833	234
1830	234
1831	234
1836	234
3798	234
1834	234
1835	234
3795	284
3794	234
1838	234
3796	234
3791	234
3790	234
3793	234
3792	234
4981	234
4980	234
2156	234
2157	234
4985	234
4984	234
2152	234
2153	234
4989	234
4988	234
2158	234
2159	284
2408	234
2409	234
1955	234
1954	234
1957	234
1956	234
1951	234
1950	234
1953	234
1952	234
1959	234
1958	234
3249	234
3248	234
3243	234
3242	234
3241	284
3240	284
3247	234
3246	3245
3245	3245
1990	234
4925	234
1993	234
1483	234
1482	234
1481	234
1480	234
1487	234
1486	234
1485	234
1484	234
3306	234
3307	234
1489	234
1488	234
3302	284
3303	284
3300	284
3301	284
1992	234
1270	234
1271	234
1272	234
611	284
1274	234
617	284
2060	234
1276	234
2793	234
1277	234
2062	234
2063	234
1994	234
2064	234
2065	234
519	234
518	234
2066	234
511	234
510	234
513	234
512	234
515	234
514	234
517	234
516	234
1227	234
1226	234
621	234
1224	234
1223	234
1222	234
1221	234
1220	234
629	234
628	234
1229	234
1228	234
6536	234
6537	234
6534	234
6535	234
6532	234
6533	234
6530	234
6531	234
6538	234
6539	234
1996	234
3878	234
3879	234
3870	234
3871	234
3872	234
3873	234
3874	234
3875	234
3876	234
3877	234
4167	234
4166	234
4165	234
4164	234
4163	234
4162	234
4161	234
4160	234
4169	234
4168	234
2239	234
2238	234
2231	234
2230	234
2233	234
2232	234
2235	234
2234	234
2237	234
2236	234
5937	234
5936	6376
5935	234
5934	234
5933	234
5932	234
5931	234
5930	234
5939	234
5938	234
1631	234
4608	234
3498	234
3499	234
3496	234
3497	234
3494	234
3495	234
3492	234
3493	234
3490	234
3491	234
2095	234
2094	234
4572	284
4573	284
2091	234
2090	284
4576	234
2092	234
4578	234
4579	234
2099	234
2098	234
4605	234
3333	234
3	284
3332	234
7023	234
7022	234
7021	234
7020	234
7027	234
7026	284
7025	284
7024	234
7029	234
7028	234
3331	234
3330	234
3337	284
1655	234
1038	234
1039	234
1032	234
1033	234
1030	234
1031	234
1036	234
1037	234
1034	234
1035	234
4378	234
4379	234
4372	234
4373	234
4370	234
4371	234
4376	234
4377	234
4374	234
4375	234
3334	234
4080	234
4081	234
4082	234
4083	234
4084	234
4085	234
4086	234
4087	234
4088	234
4089	234
5728	234
5729	234
5722	234
5723	234
5720	234
5721	234
5726	234
5727	234
5724	6989
5725	234
3844	284
6648	234
6649	234
6644	234
6645	234
6646	234
6647	234
6640	234
6641	234
6642	234
6643	234
6398	234
6399	234
6392	234
6393	234
6390	1340
6391	234
6396	234
6397	234
6394	234
6395	234
2396	234
2397	234
2394	234
2395	234
2392	234
2393	234
2390	234
2391	234
2398	234
2399	234
1858	234
1859	234
3840	234
1850	234
1851	234
1852	234
1853	3487
1854	234
1855	234
1856	234
1857	234
2172	234
2173	234
2170	234
2171	234
2176	234
2177	234
4969	234
4968	234
4967	234
4966	234
2178	234
2179	234
4963	234
4962	234
4961	234
4960	234
5432	234
3847	284
5433	234
3846	284
1423	234
3261	234
3260	234
3263	234
3262	234
5128	234
3264	234
3267	234
3266	234
5124	234
5125	234
5126	234
5127	234
5120	234
5121	234
5122	234
5123	234
1427	234
5435	234
3364	234
3365	234
5438	234
5439	4128
6886	234
6887	234
6884	234
6885	284
6882	234
6883	234
6880	234
6881	234
6888	234
6889	234
605	234
604	234
607	284
606	234
601	234
600	234
603	234
602	234
1205	234
1204	234
1207	234
1206	234
1201	234
1200	234
1203	234
1202	234
1353	234
464	234
1351	234
466	234
461	234
1356	234
463	234
1354	234
6950	234
6483	234
6952	234
6481	234
4149	234
4148	234
4145	284
4144	234
4147	234
4146	284
4141	234
4140	234
4143	234
4142	234
3856	234
3857	234
3854	234
3855	234
3852	234
3853	234
3850	234
3851	234
6957	234
3858	234
3859	234
5919	234
5918	234
5915	234
5914	234
5917	234
5916	234
5911	234
5910	234
5913	234
5912	234
4558	234
4559	284
4556	234
4557	234
4554	234
4555	234
4552	234
4553	234
4550	234
4551	234
6077	234
6076	234
6075	234
6074	234
6073	234
6072	234
6071	234
6070	234
6079	234
6078	234
2617	234
2616	234
2615	234
2614	234
2613	234
2612	234
2611	234
2610	234
2619	234
2618	234
5424	234
7009	234
7008	234
7001	234
7000	234
7003	234
7002	234
7005	284
7004	234
7007	234
7006	234
1184	234
740	284
741	284
742	284
743	284
744	284
745	284
746	284
747	234
748	234
749	234
1185	234
2949	234
2948	234
2947	234
2946	234
2945	234
2944	234
2943	234
2942	234
2941	234
2940	234
1050	284
1051	234
5355	234
1053	284
5353	234
1055	284
5351	284
5350	234
1058	284
1059	234
5359	234
5358	234
4310	234
4311	234
4312	234
4313	234
4314	284
4315	234
4316	234
4317	234
4318	234
4319	234
1180	234
3119	234
3118	234
3117	234
3116	234
3115	234
3114	234
3113	234
3112	234
3111	234
3110	234
1181	234
5740	234
5741	234
5742	234
5743	234
5744	234
5745	234
5746	234
5747	234
5748	234
5749	234
5267	5267
5266	234
1702	234
1703	234
5263	234
5262	234
5261	234
5260	234
2136	234
1603	234
6668	234
6669	234
6662	234
6663	234
6660	234
6661	234
6666	234
6667	234
6664	234
6665	234
7	234
2134	234
2135	234
2378	234
2379	234
2374	234
2375	234
2376	234
2377	234
2370	234
2371	234
2372	234
2373	234
1876	234
1877	234
1874	234
1875	234
1872	234
1873	234
1870	234
1871	234
1607	234
1878	234
1879	234
4945	234
4944	234
4947	234
4946	234
4941	234
4940	234
4943	234
4942	234
4949	234
4948	234
2118	234
2119	234
2130	234
2110	234
2111	234
2112	234
2113	234
2114	234
2115	234
2116	234
2117	234
1919	234
1918	234
5108	234
5109	234
3289	234
3288	234
3287	234
3286	234
3285	284
3284	284
3283	284
5107	234
3281	284
5105	234
883	234
882	234
881	234
880	284
887	234
886	234
885	284
884	284
889	234
888	234
1727	234
6868	234
6869	234
6864	234
6865	234
6866	234
6867	234
6860	234
6861	234
6862	234
6863	234
1269	234
1268	234
669	234
668	234
667	234
666	234
665	234
664	284
663	284
662	284
1265	234
660	284
5102	284
5103	234
5100	234
1912	234
1915	234
1914	234
5104	234
3280	284
4129	234
4128	4128
4123	234
4122	234
4121	234
4120	234
4127	4128
4126	234
4125	234
4124	284
5689	234
5688	234
5685	234
5684	234
5687	234
5686	234
5681	234
5680	234
5683	234
5682	234
5979	234
5978	234
5973	234
5972	234
5971	6989
5970	234
5977	234
5976	234
5975	234
5974	234
1049	234
5407	234
2587	234
2586	234
2585	234
2584	234
2583	234
2582	234
2581	234
2580	234
2589	234
2588	234
280	284
6059	234
6058	234
6055	234
6054	234
6057	234
6056	234
6051	234
6050	234
6053	234
6052	234
2639	234
2638	234
2635	234
2634	234
2637	234
2636	234
2631	234
2630	234
2633	234
2632	234
3544	234
3545	234
3546	234
3547	234
3540	234
3541	234
3542	234
3543	234
3548	234
3549	234
2965	234
2964	234
768	234
769	234
2961	284
2960	284
2963	234
2962	234
762	234
763	234
760	234
761	234
766	234
767	234
764	234
765	234
5379	234
5378	234
1078	234
1079	234
1076	234
5374	234
1074	234
5376	234
5371	234
5370	234
5373	234
1071	234
4338	234
4339	234
4336	234
4337	234
4334	234
4335	234
4332	234
4333	234
4330	234
4331	234
3135	234
3134	234
3137	234
3136	234
3131	234
3130	234
3133	234
3132	234
3139	234
3138	234
1533	234
5183	234
1532	234
5180	234
5768	234
5769	234
5766	234
5767	234
5764	234
5765	234
5762	234
5763	234
5760	234
5761	234
1531	234
5181	234
1530	234
5186	234
2256	234
5187	234
75	234
74	234
2250	234
5184	234
6600	234
6601	234
6602	234
6603	1340
6604	234
6605	234
6606	234
6607	234
6608	234
6609	234
5185	234
79	234
78	234
5362	234
4570	234
5363	234
1041	234
5361	234
1047	234
1046	234
4571	234
1045	234
1044	234
2358	234
2359	234
2352	234
2353	234
2350	234
2351	234
2356	234
2357	234
2354	234
2355	234
1048	234
1898	234
1899	234
3739	234
3738	234
1894	234
1895	234
3735	234
3734	234
1890	234
3732	234
1892	234
3730	234
4691	284
4922	234
4693	234
4692	234
4927	234
4694	234
4697	234
2131	234
4699	234
4698	234
4929	234
4928	234
2138	234
2139	234
5160	234
5161	234
5162	234
5163	234
5164	234
5165	234
5166	234
5167	234
5168	234
5169	234
4802	234
4803	234
4804	234
4805	234
4806	234
4807	234
1263	234
1262	234
1261	234
1799	234
1798	234
1793	234
1267	234
1791	234
1790	234
1797	234
1796	234
1795	234
1794	234
6848	234
6849	284
661	284
6842	234
6843	234
6840	234
6841	234
6846	234
6847	234
6844	234
6845	234
6590	234
6591	234
6592	234
6593	234
6594	234
6595	234
6596	234
6597	116
6598	234
6599	234
5344	234
1024	234
3092	234
1240	234
643	234
642	234
3096	234
644	234
3094	234
3095	234
649	234
1248	234
3098	234
3099	234
1027	234
1539	234
1538	234
4101	234
4100	234
4103	234
4102	234
4105	234
4104	234
4107	234
4106	234
4109	234
4108	234
3377	234
3898	234
3899	234
3892	234
3893	234
3890	234
3891	234
3896	234
3897	234
3894	234
3895	284
5951	234
5950	234
5953	234
5952	234
5955	234
5954	234
5957	234
5956	234
5959	234
5958	234
1991	234
1455	234
6039	234
6038	234
6033	6989
6032	234
6031	234
6030	284
6037	234
6036	234
6035	234
6034	234
2659	234
2658	284
2653	234
2652	234
2651	234
2650	234
2657	234
2656	284
2655	234
2654	284
1606	234
3562	234
3563	234
3560	234
3561	234
3566	234
3567	234
3564	234
3565	234
3568	234
3569	234
4484	234
4485	234
4486	234
4487	234
4480	234
4481	234
4482	234
4483	234
2489	234
4488	234
4489	234
2903	234
2902	234
2901	234
2900	234
708	234
709	234
2905	234
147	234
704	234
705	234
706	234
707	234
700	234
701	234
702	234
703	234
5319	234
5318	234
5313	234
5312	234
5311	234
5310	234
5317	234
5316	234
5315	234
5314	234
3214	234
1987	234
1984	234
3153	234
3152	234
3151	234
3150	234
3157	234
3156	234
3155	234
3154	234
1982	234
3159	234
3158	234
1983	234
1980	234
1981	234
1260	234
2485	234
2482	116
1266	234
1264	234
2481	116
1247	234
568	234
569	234
2816	234
6628	234
6629	234
6626	234
6627	234
6624	234
6625	234
6622	234
6623	234
6620	234
6621	234
564	234
565	234
4714	234
4715	234
4716	284
4717	234
4710	234
4711	234
4712	234
2337	234
2338	234
2339	234
4718	234
4719	234
3715	234
3714	234
3717	234
3716	234
3711	234
3710	234
3713	234
3712	234
3719	234
3718	234
4909	234
4908	234
4679	234
4678	234
4901	234
4676	234
4903	234
4902	234
4905	234
2483	234
4671	234
4906	234
5148	234
5149	284
5146	234
5147	234
5144	234
5145	234
5142	234
5143	234
5140	234
5141	234
120	234
121	234
122	234
123	234
124	234
125	234
126	234
127	234
128	234
129	234
1188	1188
1189	234
1186	234
1187	1188
3375	234
3374	234
5421	234
3372	234
3371	234
3370	234
6820	234
6821	234
6822	234
6823	234
6824	234
6825	234
6826	234
6827	234
6828	234
6829	234
1997	234
3390	234
1519	234
1518	234
1515	234
1514	234
1517	234
1516	234
1511	234
1510	234
1513	234
1512	234
3394	234
3397	234
3396	234
263	284
262	284
261	284
260	284
267	284
266	284
265	284
264	284
269	284
268	284
6011	234
6010	234
6013	234
6012	234
6015	234
6014	234
6017	234
6016	234
6019	234
6018	234
988	234
989	234
982	234
983	284
980	234
981	234
986	234
987	234
984	234
985	234
1388	234
3508	234
3509	234
5089	234
5088	234
5083	234
5082	234
5081	234
5080	234
5087	234
5086	234
5085	284
5084	234
2671	234
2670	284
2673	234
2672	234
2675	234
2674	234
2677	234
2676	234
2679	234
2678	234
1209	234
2929	284
2928	6482
2921	234
2920	234
2923	234
2922	234
2925	234
2924	234
2927	6482
2926	234
5331	234
5330	234
5333	234
5332	234
5335	234
5334	234
5337	234
5336	234
1208	234
5338	234
3179	234
3178	234
2037	234
3171	234
3170	234
3173	234
3172	234
3175	234
3174	234
3177	234
3176	234
726	234
727	234
724	234
725	234
722	234
723	234
720	234
721	234
728	234
729	234
1164	284
1165	234
1166	234
1167	234
1160	234
1161	284
1162	284
1163	284
1168	234
1169	234
2035	234
1366	234
1367	234
2034	234
3194	234
476	234
2785	234
477	234
1713	234
474	234
1712	234
3190	234
1711	234
1381	234
1710	234
1717	234
1716	234
1715	234
5255	234
3199	234
1865	234
3198	234
5258	234
3729	234
5259	234
3724	234
3725	234
2918	234
4686	234
4687	234
1343	234
4684	284
4685	284
2919	234
4682	234
4683	234
4732	234
4733	234
4730	234
4731	234
4736	234
4737	234
4734	234
4735	234
2316	234
2317	234
4738	234
4739	234
2312	234
2313	234
2310	234
2311	234
5854	234
5855	234
5856	234
5857	234
5850	234
5851	234
5852	234
5853	234
5858	234
5859	234
3773	234
3772	234
3771	234
3770	234
3777	234
3776	234
3775	234
3774	234
3779	234
3778	234
4655	234
4654	234
4657	234
4656	234
4651	234
4650	234
4653	234
4652	234
4659	234
4658	234
406	234
108	234
109	234
102	234
103	234
100	234
101	234
106	234
107	234
104	234
105	234
5112	234
6204	234
6205	234
6206	234
6207	234
6200	234
6201	234
6202	234
6203	234
6208	234
6209	234
6808	234
6809	234
6806	234
6807	234
6804	234
6805	234
6802	234
6803	234
6800	234
6801	234
1759	234
1758	234
1757	234
1756	234
1755	234
1754	234
1753	234
1752	234
1751	234
1750	234
1285	234
1284	234
1287	234
1286	234
1281	234
1280	234
1283	234
1282	234
1289	234
1288	234
1579	234
1578	234
689	234
688	234
1573	234
684	234
1571	234
686	234
681	234
1576	234
683	234
1574	234
5629	234
5628	234
5627	234
5626	234
5625	234
5624	234
5623	234
5622	234
5621	234
5620	234
1242	234
5995	234
5994	234
5997	234
5996	234
5991	5991
5990	5991
5993	234
5992	234
5999	234
5998	234
1244	234
4677	234
6781	234
6780	234
6783	234
6782	234
6785	234
6784	234
6787	234
6786	234
6789	234
6788	234
245	234
244	284
247	284
246	284
241	234
240	234
243	234
242	234
249	284
248	284
2154	234
2155	234
3698	234
3699	234
3690	234
3691	234
3692	234
3693	234
3694	234
3695	234
3696	234
3697	234
3526	234
3527	234
3524	234
3525	234
3522	234
3523	234
3520	234
3521	284
1501	234
3528	284
3529	284
2699	234
2698	234
2697	234
2696	234
2695	234
2694	234
2693	234
2692	234
2691	234
2690	234
2151	234
4535	234
1142	234
1143	284
1140	284
1141	284
1146	284
1147	234
1144	234
1145	234
1148	284
1149	234
2967	234
2966	234
336	234
1745	234
7199	234
7198	234
7193	234
7192	234
7191	234
7190	234
7197	234
7196	234
7195	234
7194	234
6402	234
6403	234
2969	234
6400	234
2968	234
6401	234
6406	234
14	234
6404	6405
16	234
4282	234
4283	234
4280	234
4281	234
4286	234
4287	234
4284	234
4285	234
4288	234
4289	234
380	234
381	234
382	234
383	234
384	234
385	234
386	234
387	234
388	234
389	234
4758	234
4759	234
4750	234
4751	234
4752	234
4753	234
4754	234
4755	234
4756	234
4757	234
5872	234
5873	234
5870	234
5871	234
5876	234
5877	234
5874	284
5875	234
5878	234
5879	234
5377	234
3759	234
3758	234
1075	234
3751	234
1072	234
3753	234
3752	234
3755	234
3754	234
3757	234
3756	234
4633	234
4632	234
4631	234
4630	234
4637	234
4636	234
4635	234
4634	234
2198	234
2199	234
4639	234
4638	234
2046	234
2047	234
2044	234
2045	234
168	234
169	234
164	234
165	234
166	234
167	234
160	234
161	234
162	234
163	234
2040	234
2041	234
6194	234
6195	234
6196	234
6197	234
6190	234
6191	234
6192	234
6193	234
6198	234
6199	234
2734	284
2735	234
2736	234
2737	234
2730	234
2731	234
2732	284
2733	234
2738	284
2739	234
1106	234
7209	234
7208	234
7203	234
7202	234
7201	234
7200	234
7207	234
7206	234
7205	234
7204	234
6222	234
6223	234
6220	234
6221	234
6226	234
6227	234
6224	234
6225	234
6228	234
6229	234
809	234
808	234
803	234
802	234
801	234
800	234
807	234
806	234
805	234
804	234
5274	234
5275	234
5276	234
5277	234
5270	234
5271	234
1773	234
5273	234
5278	234
5279	234
1100	234
1551	234
1550	234
1553	234
1552	234
1555	234
1554	234
1557	234
1556	234
3034	234
3035	234
3036	234
3037	234
3030	234
3031	284
3032	234
3033	234
5605	234
5604	234
5607	234
5606	234
5601	234
5600	234
5603	234
5602	234
5609	234
5608	234
4690	234
6424	234
6425	234
6426	234
6427	234
6420	234
6421	234
6422	234
6423	234
6428	234
6429	234
6769	234
6768	234
6767	234
6766	234
6765	234
6764	234
6763	234
6762	284
6761	234
6760	234
229	234
228	234
227	234
226	234
225	234
224	234
223	234
222	234
221	234
220	234
2509	234
2508	234
2507	234
2506	234
2505	234
2504	234
2503	234
2502	234
2501	234
2500	234
5049	5051
5048	234
5047	234
5046	234
5045	234
5044	234
5043	234
5042	234
5041	234
5040	234
1524	234
1525	234
1526	234
0	284
1527	234
1252	234
1521	234
5182	234
1522	234
3206	234
1523	234
3205	234
3204	234
1995	234
3202	234
3201	234
1624	234
5188	234
1128	284
1129	284
5189	234
1120	234
1121	234
1122	234
1123	284
1124	284
1125	284
1126	234
1127	234
2864	234
2865	234
2868	284
2869	284
4776	234
4777	234
4774	234
4775	234
4772	234
4773	234
4770	3954
4771	234
4778	234
4779	234
5818	234
5819	234
5810	234
5811	234
5812	234
5813	234
5814	234
5815	234
5816	234
5817	234
4619	234
4618	234
4611	234
4610	234
4613	234
4612	234
4615	234
4614	234
4617	234
4616	234
4880	284
4881	234
4882	234
146	234
5458	234
144	234
145	234
142	234
143	234
140	234
5459	234
2701	234
148	234
149	234
2703	234
754	234
4887	234
3342	234
1190	234
5452	234
2712	234
2713	234
2710	234
2711	234
2716	234
2717	234
2714	234
2715	234
3346	234
2718	234
2719	234
3347	234
7221	234
7220	234
7223	234
7222	234
7225	234
7224	234
7227	234
7226	234
7229	234
7228	234
3345	234
3090	284
6248	234
6249	6250
6240	234
6241	234
6242	234
6243	234
6244	234
6245	234
6246	234
6247	234
829	234
828	234
825	234
824	234
827	284
826	284
821	234
820	234
823	234
822	234
5252	234
5253	234
5250	234
5251	234
5256	234
5257	234
5254	234
1714	234
1719	234
1718	234
3018	234
3019	234
3012	234
3013	234
3010	234
3011	234
3016	234
3017	234
3014	234
3015	234
4189	234
4188	234
4181	234
4180	234
4183	234
4182	234
4185	234
4184	234
4187	234
4186	234
5663	234
5662	234
5661	234
5660	234
5667	234
5666	234
5665	234
5664	234
5669	234
5668	234
3197	234
3093	234
11	284
10	284
13	234
12	234
15	234
6407	234
17	234
6405	6405
19	234
18	234
6408	234
6409	234
3904	234
3905	234
3906	234
3907	234
3900	234
3901	234
3902	234
3903	234
3908	234
3909	234
6745	317
6744	234
6747	234
6746	234
6741	234
6740	234
6743	284
6742	234
6749	234
6748	234
3192	234
201	234
200	234
203	234
202	234
205	234
204	234
207	234
206	234
209	234
208	234
3476	234
3477	234
3470	234
3471	234
3472	234
835	234
2747	234
3658	234
3659	234
3654	234
3655	234
3656	234
3657	234
3650	234
3651	234
3652	234
3653	234
2525	234
2524	234
2527	234
2526	234
2521	234
2520	234
2523	234
2522	234
2529	234
2528	234
5065	284
5064	284
5067	234
5066	284
5061	284
5060	284
5063	234
5062	284
5069	234
5068	234
4408	234
4409	234
4404	234
4405	234
4406	234
4407	234
4400	234
4401	234
4402	234
4403	234
928	234
929	234
920	234
921	234
922	234
923	234
924	234
925	234
926	234
927	234
5393	234
5392	234
5391	234
5390	234
5397	234
5396	234
5395	234
5394	234
5399	234
5398	234
784	234
785	234
786	234
787	234
780	234
781	234
782	234
783	234
788	234
789	234
407	234
7159	234
7158	234
7157	234
7156	234
7155	234
7154	234
7153	234
7152	234
7151	234
7150	234
1372	234
1375	234
1374	234
1377	234
400	234
20	234
2899	234
2898	234
2895	234
2894	234
2897	234
2896	234
2891	234
2890	234
2893	234
2892	234
1454	234
5245	234
1104	234
1105	234
1450	234
1103	234
1452	234
1453	234
1458	284
5247	234
1108	234
1109	234
5246	234
5241	234
5240	234
3737	234
5243	234
3736	234
5242	234
1896	234
1897	234
3733	234
1891	234
3731	234
1893	234
4923	284
2137	234
4921	234
4920	234
4798	234
4799	234
4794	234
4695	317
4796	234
4797	234
4790	234
4791	234
4792	234
2133	234
5836	234
5837	234
5834	234
5835	234
5832	234
5833	234
5830	234
5831	234
4696	234
5838	234
5839	234
4	284
2778	234
2779	234
4899	234
4898	234
2770	234
2771	234
4891	284
4890	234
2774	234
2775	234
2776	234
2777	234
6266	234
6267	234
6264	234
6265	4128
6262	234
6263	234
6260	234
6261	234
6268	234
6269	6250
4900	234
847	234
846	234
845	284
844	284
843	284
3462	234
3461	234
3460	234
849	850
848	850
5238	234
5239	234
1731	234
5231	234
1733	234
5233	234
1735	855
5235	234
1737	234
5237	234
2404	234
4907	234
3070	234
1594	234
3072	234
3073	234
1591	234
3075	234
3076	284
1592	234
3078	284
3079	284
1599	234
1598	234
2402	234
5649	234
5648	234
5641	234
5640	234
5643	234
5642	234
5645	234
5644	234
5647	234
5646	234
2401	234
4826	234
489	234
488	234
487	234
486	234
485	284
484	284
483	284
482	284
481	234
480	234
6468	234
6469	234
6460	234
6461	234
6462	234
6463	234
6464	234
6465	234
6466	234
6467	234
3922	234
3923	234
3920	284
3921	234
3926	234
3927	234
3924	234
3925	234
3928	234
3929	234
6723	855
6722	234
6721	234
6720	234
6727	234
6726	234
6725	234
6724	234
6729	234
6728	234
6099	234
6098	234
6091	234
6090	234
6093	234
6092	234
6095	234
6094	234
6097	234
6096	234
3295	234
3678	234
3679	234
3672	234
3673	234
3670	234
3671	234
3676	234
3677	234
3674	234
3675	234
2543	234
2542	234
2541	234
2540	234
2547	234
2546	234
2545	234
2544	234
2549	234
2548	234
1456	234
1457	234
3297	284
1102	234
1451	234
5003	234
3581	234
3582	234
3583	234
3584	234
3585	234
3586	234
3587	234
3588	234
3589	234
5009	234
1101	234
3290	284
902	234
903	234
900	284
901	284
906	234
907	234
904	234
905	234
4422	234
4423	234
908	234
909	234
4426	234
4427	234
4424	234
1459	284
3292	284
7175	234
7174	234
7177	234
7176	234
7171	234
7170	234
7173	234
7172	234
7179	234
7178	234
719	234
2917	234
1696	234
1697	234
1694	234
1695	234
1692	234
1693	234
1690	234
1691	234
1698	234
1699	234
1472	234
1473	234
1470	234
1471	234
1476	234
1477	234
1474	234
1475	234
1478	234
1479	234
4228	234
4229	234
4224	284
4225	234
4226	234
4227	234
4220	234
4221	234
4222	234
4223	234
24	234
25	234
26	234
27	234
5582	234
21	234
22	234
23	234
28	234
29	234
5588	234
5589	234
5308	234
5309	234
5300	234
5301	234
5302	234
5303	234
5304	234
5305	234
5306	234
5307	234
2288	234
2289	234
2280	234
2281	234
2282	234
2283	234
2284	234
2285	234
2286	234
2287	234
4538	234
4539	234
4828	234
2056	234
4534	234
4827	234
4536	234
4825	234
4822	234
4823	234
4820	234
4795	234
4926	234
4533	234
6288	234
6289	234
6284	234
6285	234
6286	234
6287	234
6280	234
6281	234
6282	234
6283	234
182	234
183	234
180	234
181	234
186	234
187	234
184	234
185	234
188	234
189	234
4924	234
869	234
868	234
3449	234
3448	234
861	234
860	234
863	234
3446	234
3441	234
3440	234
867	234
866	234
2024	234
2025	234
2026	234
2027	234
2020	234
2021	234
2022	234
2751	234
2028	234
2029	234
2758	234
2759	234
5216	234
5217	234
5214	234
5215	234
5212	234
5213	234
5210	234
5211	234
5218	234
5219	234
4596	234
3058	234
3059	234
3056	234
3057	234
3054	234
3055	234
3052	234
3053	234
3050	234
3051	234
4597	234
4595	234
8	284
1317	234
1316	284
1315	284
1314	234
1313	234
1312	234
1311	234
1310	234
1319	234
1318	234
6914	284
6915	234
6916	234
6445	234
6442	234
6443	234
6912	234
6913	234
6918	6405
6919	234
6448	1188
6449	234
3304	234
3948	234
3949	234
3940	234
3941	234
3942	234
3943	234
3944	234
3945	234
3946	234
3947	234
6709	234
6708	234
6701	234
6700	234
6703	234
6702	234
6705	234
6704	234
6707	234
6706	234
3841	234
4057	234
4056	234
4055	284
4054	234
4053	234
4052	234
4051	234
4050	234
4059	234
4058	234
3843	284
3610	234
3611	234
3612	234
3613	234
3614	234
3615	234
3616	234
3617	234
3618	234
3619	234
3842	234
2569	234
2568	234
2140	234
2561	234
2560	234
2563	234
2562	234
2565	234
2564	234
2567	234
2566	234
3845	284
5029	234
5028	234
5021	234
5020	234
5023	234
5022	234
5025	234
5024	234
5027	234
5026	234
4440	284
4441	234
4442	234
4443	234
4444	234
4445	234
4446	234
4447	234
4448	234
4449	234
964	234
965	234
966	234
967	234
960	234
961	234
962	234
963	234
968	234
969	234
1537	234
1536	234
1535	234
3091	284
1245	234
3097	234
647	234
1246	234
1249	234
648	234
3236	234
3237	234
1618	234
1619	234
641	234
3966	234
1617	234
3238	234
1107	234
3239	234
1612	234
640	234
1961	234
7113	234
7112	234
7111	234
7110	234
7117	234
7116	234
7115	234
7114	234
7119	234
7118	234
3964	234
4499	234
1678	234
1679	234
1674	234
1675	234
1676	234
1677	234
1670	234
1671	284
1672	234
1673	234
3826	234
3965	234
4498	234
1534	234
645	234
3962	234
1418	234
1419	234
1410	234
1411	234
1412	234
1413	234
1414	234
1415	234
1416	234
1417	234
3963	234
4208	234
4209	234
4202	234
4203	234
4200	234
4201	234
4206	234
4207	234
4204	234
4205	234
5568	234
5569	234
5564	234
5565	234
5566	234
5567	234
5560	234
5561	234
5562	234
5563	234
646	234
308	234
309	234
300	234
301	234
302	234
303	234
304	234
305	234
306	234
307	234
2036	234
3820	234
4893	284
4892	234
2772	234
2773	234
4897	234
4896	234
4895	234
4894	234
470	234
6118	234
6119	234
6114	234
6115	234
6116	234
6117	234
6110	234
6111	234
6112	234
6113	234
3429	234
3428	234
3423	234
3422	234
3421	234
3420	234
3427	234
3426	234
3425	234
3424	234
2002	234
2003	234
2000	234
2001	234
4589	234
2007	234
4859	234
2005	234
4585	234
4584	234
4855	234
4854	234
4581	234
4580	284
4851	234
4850	234
1087	234
1086	234
1085	234
1084	234
1083	234
1082	234
1081	234
1080	234
1089	234
1088	234
449	234
448	234
1339	1340
1338	234
1335	234
1334	234
1337	234
1336	234
447	234
446	234
1333	234
1332	234
6932	234
6933	234
6930	234
6931	234
6936	234
6937	234
6934	234
6935	234
6938	234
6939	234
39	234
38	234
33	234
32	234
31	234
30	234
37	234
36	234
35	234
34	234
3467	234
3466	234
3465	234
3464	234
3463	234
842	234
4079	234
4078	234
4075	234
4074	234
4077	234
4076	234
4071	284
4070	234
4073	234
4072	234
5797	234
3967	234
5795	234
5794	234
5793	234
5792	234
5791	234
5790	234
3968	234
3969	234
3638	234
3639	234
3636	234
3637	234
3634	234
3635	234
3632	234
3633	234
3630	234
840	234
3469	3487
3468	234
4468	234
4469	234
4466	234
4467	234
4464	234
4465	234
4462	234
4463	234
4460	234
4461	234
948	234
949	234
946	234
947	234
944	234
945	234
942	234
943	234
940	234
941	234
6327	234
6326	234
6325	234
6324	234
6323	234
6322	234
6321	234
6320	234
6329	234
6328	234
6457	234
7139	234
7138	234
4793	234
7131	234
7130	234
7133	234
7132	234
7135	234
7134	234
7137	234
7136	234
1658	234
1659	234
1652	234
1653	234
1650	234
1651	234
1656	234
1657	234
1654	234
1389	234
586	234
1739	234
584	234
585	234
582	234
583	234
580	234
1738	234
588	284
589	5051
2839	234
2838	234
2837	2837
2836	234
2835	234
2834	234
2833	234
2832	234
2831	234
2830	284
1436	234
1437	234
3393	234
3392	234
5403	234
1433	234
5401	234
5400	234
3399	234
1380	234
5409	234
1439	234
5230	234
1730	234
5232	234
4260	234
4261	234
4262	234
4263	234
4264	234
4265	234
4266	234
4267	234
4268	234
4269	234
1734	234
1887	234
5236	234
1886	234
1736	234
3700	234
5548	234
5549	234
5542	234
5543	234
5540	284
5541	234
5546	234
5547	234
5544	234
5545	234
3704	234
3705	234
2120	234
5890	234
5891	234
5892	234
5893	234
5894	234
5895	234
5896	234
5897	234
5898	234
5899	234
2124	234
4918	234
4862	234
4919	234
2129	234
4665	234
5453	234
4914	234
4915	234
4863	234
4912	234
4661	234
4910	234
4911	234
4860	234
322	234
323	234
320	234
321	234
326	234
327	234
324	234
325	234
328	234
329	234
1595	234
6138	234
6139	234
3071	234
6132	234
6133	234
6130	234
6131	234
6136	234
1597	234
6134	234
6135	234
1596	234
3074	234
1590	234
1593	234
3077	284
5176	234
2248	234
2249	234
2244	234
2245	234
2246	234
2247	234
2240	234
2241	234
2242	234
2243	234
5178	234
3401	234
3400	234
3403	234
3402	234
3405	234
3404	234
3407	234
3406	234
3409	234
3408	234
4875	234
4874	234
4877	234
4876	234
4871	234
4870	234
4873	234
4872	234
4879	234
4878	234
2068	234
2069	234
2798	234
2799	234
2792	234
2061	234
2790	234
2791	234
2796	234
2797	234
2794	234
2795	234
3257	234
7096	234
7097	284
7094	234
7095	234
7092	234
7093	234
7090	234
7091	234
7098	234
7099	234
4883	234
1359	234
1358	234
469	234
468	234
465	234
1352	234
467	234
1350	234
1357	234
460	234
1355	234
462	234
6958	234
6959	234
6488	234
6489	234
6482	234
6951	234
6480	234
6953	284
6486	234
6487	234
6484	234
6485	234
4885	234
3184	234
3185	234
3186	234
3187	234
3180	234
3181	234
3182	234
3183	234
3188	234
3189	234
4019	234
4018	234
4013	234
4012	5051
4011	284
4010	234
4017	234
4016	234
4015	234
4014	234
3988	284
3989	234
3984	234
3985	234
3986	234
3987	234
3980	234
3981	234
3982	234
3983	284
5796	234
1111	234
1446	234
1113	234
289	284
288	234
1112	234
281	284
1115	234
283	284
282	284
285	284
284	284
287	234
1442	234
1441	234
1116	234
3430	234
1448	234
2477	284
2476	234
2475	234
2474	234
2473	234
2472	234
2471	234
2470	234
2479	284
2478	284
3432	234
1397	234
6309	234
6308	234
6305	234
6304	234
6307	234
6306	234
6301	234
6300	234
6303	234
6302	234
2907	234
2906	234
1986	234
3215	234
3216	234
1985	234
3210	234
3211	234
3212	234
3213	234
1638	234
1639	234
2904	234
3218	234
3219	234
1988	234
1989	234
2909	234
2815	234
2814	234
2817	234
2908	234
2811	234
2810	234
2813	234
2812	234
560	234
561	234
562	234
563	234
2819	234
2818	234
566	234
567	234
5429	234
5428	234
3379	234
3378	234
5425	234
3376	234
5427	234
5426	234
3373	234
5420	234
5423	234
5422	234
4248	234
4249	234
4246	234
4247	234
4244	234
4245	234
4242	234
4243	234
4240	234
4241	234
5520	284
5521	2264
5522	234
5523	234
5524	234
5525	234
5526	234
5527	5267
5528	5267
5529	234
48	234
49	234
46	234
47	234
44	234
45	234
42	234
43	234
40	234
41	234
4848	234
6547	234
6546	234
6545	234
6544	284
6543	234
6542	234
6541	234
6540	234
4849	234
6549	234
6548	234
344	234
345	234
346	234
347	234
340	234
341	234
342	234
343	234
348	234
349	234
6150	234
6151	234
6152	234
6153	234
6154	234
2132	234
6156	855
6157	234
6158	234
6159	234
4527	234
4830	234
4525	234
4832	234
4523	234
4522	234
4521	234
4520	234
4784	234
2268	234
2269	234
2262	234
2263	234
2260	234
2261	234
2266	234
2267	234
2264	234
2265	234
4813	234
4812	234
4811	234
4810	234
4817	234
4816	234
4815	234
4814	234
4819	234
4818	234
2048	234
2049	234
1365	234
7078	234
7079	234
7074	234
7075	234
7076	234
7077	234
7070	234
7071	234
7072	234
7073	234
6976	234
6977	234
6974	234
6975	234
6972	234
6973	234
6970	234
6971	234
6978	234
6979	234
4389	234
4388	23
4383	234
4382	234
4381	234
4380	234
4387	234
4386	234
4385	234
4384	234
1371	234
1370	234
1373	234
404	234
403	234
402	234
401	234
1376	234
1379	284
1378	234
409	234
408	234
4031	234
4030	234
4033	234
4032	234
4035	234
4034	234
4037	234
4036	234
4039	234
4038	234
2459	234
2458	234
2455	234
2454	234
2457	234
2456	234
2451	234
2450	234
2453	234
2452	234
1502	234
1503	234
1500	234
6369	234
6368	234
6363	234
6362	234
6361	234
6360	234
6367	234
6366	234
6365	234
6364	234
1504	234
1505	234
3087	284
3086	284
1977	234
3083	284
1600	234
659	234
3227	234
3226	234
1973	234
1972	234
3223	234
3222	234
3232	234
3233	234
3230	234
3231	234
5199	234
5198	234
3234	234
3235	234
5195	234
5194	234
1614	234
1615	234
1960	234
5190	234
5193	234
1963	234
2873	234
2872	234
2871	234
2870	234
2877	234
2876	234
2875	234
2874	234
2879	234
2878	234
3355	234
3354	234
3357	234
3356	234
3351	234
3350	234
3353	234
3352	234
3359	234
3358	234
5449	234
5448	234
5443	234
5442	234
5441	234
5440	234
5447	234
5446	234
5445	234
5444	234
5508	234
5509	234
5506	234
5507	234
5504	284
5505	234
5502	234
5503	234
5500	234
5501	234
542	234
543	234
540	234
541	234
546	234
547	234
544	234
545	234
548	234
549	234
6155	234
5137	234
5476	234
6569	234
6568	234
5477	234
6565	234
6564	234
6567	234
6566	234
6561	234
6560	234
6563	234
6562	234
5475	234
5472	234
5473	234
3827	234
3580	234
3825	234
3824	234
3823	234
3822	234
3821	234
5002	284
5471	234
5001	234
3829	234
3828	234
5000	234
5007	284
5135	234
5006	284
5005	234
5004	234
368	234
369	234
366	234
367	234
364	234
365	234
362	234
363	234
360	234
361	234
5008	234
6178	234
6179	234
6176	234
6177	234
6174	234
6175	234
6172	234
6173	234
6170	234
6171	234
5132	234
3217	234
2200	234
2201	234
2202	234
2203	234
2204	234
2205	234
2206	234
2207	234
2208	234
2209	234
5130	234
4428	234
4429	234
4839	234
4838	234
4529	234
4528	234
4831	234
4526	234
4833	234
4524	234
4835	234
4834	234
4837	234
4836	234
4420	234
4421	234
5298	234
5299	234
5296	234
5297	234
5294	234
5295	234
5292	234
5293	234
5290	234
5291	234
4425	234
4987	234
5510	234
7058	234
7059	234
7052	234
7053	234
7050	234
7051	234
7056	234
7057	234
7054	234
7055	234
5516	234
6998	234
6999	234
4913	234
6994	234
6995	6405
6996	234
6997	234
6990	6989
6991	234
6992	234
6993	234
2998	234
2999	234
59	234
58	234
55	234
54	234
57	234
56	234
51	234
50	234
53	234
52	234
2990	234
2991	234
1940	234
2992	234
2993	234
2994	234
2995	234
2996	234
2997	234
429	234
428	234
1399	234
1398	234
421	234
420	234
423	234
422	234
425	234
424	234
427	234
426	234
854	234
855	234
856	234
857	234
850	850
851	234
852	234
853	234
1422	234
1425	234
3474	234
2330	234
1424	234
2331	234
3475	234
2332	234
5474	234
2333	234
2334	234
2335	234
2336	234
4713	234
6699	234
6698	234
6693	234
6692	234
6691	234
6690	234
6697	234
6696	284
6695	234
6694	234
2439	234
2438	234
2433	234
2432	284
2431	234
2430	234
2437	234
2436	234
2435	234
2434	234
6341	234
6340	234
6343	4128
6342	234
6345	4128
6344	4128
6347	234
6346	4128
6349	234
6348	234
5470	234
3782	234
3783	234
1805	234
3781	234
1803	234
3787	234
3784	234
1800	234
3788	234
3789	234
1809	234
1808	234
4996	234
4997	234
4994	234
4995	234
4992	234
4993	234
4990	234
6511	234
4998	234
4999	234
1547	234
6517	1340
3258	234
3259	234
1948	284
1949	234
1942	234
1943	234
3252	234
1941	234
1946	284
1947	284
3256	234
1945	234
2859	2837
2858	2837
2851	234
2850	234
2853	234
2852	234
2855	234
2854	234
2857	2857
2856	2857
5461	234
1491	234
5463	234
5462	234
5465	234
5464	234
5467	234
1497	234
1498	234
1499	234
3339	284
1968	234
1395	234
1394	234
1393	234
1392	234
1391	234
1969	234
1390	234
524	234
525	234
526	234
527	234
520	234
521	234
522	234
523	234
528	234
529	234
1234	234
1235	234
1236	234
1237	234
1230	234
1231	234
1232	234
1233	234
1238	234
1239	234
1964	234
6509	234
6508	234
2488	234
6503	234
6502	234
6501	234
6500	234
6507	234
6506	234
6505	234
6504	234
2486	234
2487	234
4675	234
4674	234
3809	234
3808	234
3805	234
4673	234
3807	234
3806	234
3801	234
3800	234
3803	234
4904	234
2480	116
4670	234
1967	234
4174	234
4175	284
4176	234
4177	234
4170	234
4171	234
4172	234
4173	234
4178	234
4179	234
1962	234
2228	234
2229	234
2226	234
2227	234
2224	234
2225	234
2222	234
2223	234
2220	234
2221	234
1	284
5925	234
5926	234
5927	234
5920	234
5921	234
5922	234
5923	234
5928	234
5929	234
4505	234
4504	234
4507	234
4506	234
4501	234
4500	234
4503	234
4502	234
4509	234
4508	234
2088	234
2089	234
2082	234
2083	234
2080	234
2081	234
2086	234
2087	234
2084	234
2085	234
7030	234
7031	234
7032	234
7033	234
7034	234
7035	234
7036	234
7037	234
7038	234
7039	234
1009	234
1008	234
1007	234
1006	234
1005	234
1004	234
1003	234
1002	234
1001	234
1000	234
4349	234
4348	234
4347	234
4346	234
4345	234
4344	234
4343	234
4342	234
4341	234
4340	234
5719	234
5718	234
5717	234
5716	234
5715	234
5714	234
5713	234
5712	234
5711	234
5710	234
3305	234
5090	234
3574	234
5092	234
5093	234
5094	234
5095	234
5096	234
5097	234
4497	234
4496	234
4495	234
4494	234
4493	234
4492	234
4491	234
4490	234
1829	234
1828	234
1825	234
1824	234
1827	234
1826	234
1821	234
1820	234
1823	234
1822	234
2411	234
2410	234
2145	234
2144	234
2143	234
2142	234
2141	234
2416	234
2419	234
2418	234
4976	234
4977	284
4970	234
4971	234
2149	234
4973	234
3311	234
3276	234
3277	284
1922	234
1923	234
1924	234
3273	234
1926	234
1927	234
1928	234
1929	234
3278	284
3279	284
5586	234
5587	234
5584	234
3319	234
3318	234
5585	234
4586	234
5488	234
5487	234
5486	234
5485	234
5484	234
5483	234
5482	234
5481	234
5480	234
5580	284
5581	234
60	234
61	234
62	234
63	234
64	234
65	234
66	234
67	234
68	234
69	234
508	284
509	234
506	234
507	234
504	234
505	234
502	234
503	234
500	234
501	234
630	234
631	234
632	234
1211	234
634	234
635	234
1214	234
1215	234
638	234
639	234
1218	234
1219	234
6521	234
6520	234
6523	234
6522	234
6525	234
6524	234
6527	234
6526	234
6529	234
6528	234
3869	234
3868	234
3863	234
3862	234
3861	234
3860	234
3867	234
3866	234
3865	234
3864	234
4152	234
4153	234
4150	234
4151	234
4156	234
4157	234
4154	234
4155	234
4158	234
4159	234
5902	234
5903	234
5900	234
5901	234
5906	317
5907	234
5904	234
5905	234
5908	234
5909	234
3489	234
3488	234
3481	234
3480	234
3483	234
3482	234
3485	234
3484	234
3487	3487
3486	234
4563	234
4562	234
4561	234
4560	234
4567	234
4566	234
4565	234
4564	234
4569	234
4568	234
6064	234
6065	234
6066	234
6067	234
6060	234
6061	234
6062	234
6063	234
6068	234
6069	234
2604	234
2605	234
2606	234
5450	234
2600	850
2601	234
2602	234
2603	234
2608	234
2609	234
7018	234
7019	234
7016	234
7017	234
7014	234
7015	234
7012	234
7013	234
7010	234
7011	234
732	234
5454	234
753	234
752	234
751	234
750	234
757	234
756	234
755	234
1806	234
759	234
758	234
3780	234
1804	234
2958	234
2959	234
738	284
2954	234
5455	234
2956	234
2957	234
2950	234
2951	234
2952	234
2953	234
1025	234
5345	234
5346	284
1026	234
1021	234
1020	234
1023	234
5343	234
3785	234
5348	234
5349	234
5456	234
4365	234
4364	234
4367	234
4366	234
4361	234
4360	234
4363	234
4362	234
4369	234
4368	234
5457	234
3108	234
3109	234
3104	234
3105	234
3106	234
3107	234
3100	234
3101	234
3102	234
3103	234
5	284
4093	234
4092	234
4091	234
4090	234
4097	234
4096	234
4095	234
4094	284
4099	234
4991	3783
5735	234
5734	234
5737	234
5736	234
5731	234
5730	234
5733	234
5732	234
5739	234
5738	234
1563	234
1564	234
1565	234
6659	284
6658	234
6657	234
6656	234
6655	234
6654	234
6653	234
6652	234
6651	234
6650	234
2125	234
6385	234
6384	234
6387	234
6386	234
6381	234
6380	234
6383	234
6382	234
6389	234
6388	234
2381	234
2380	234
2383	234
2382	234
2385	234
2384	234
2387	234
2386	234
2389	234
2388	234
1849	234
1848	234
1843	234
1842	234
1841	234
1840	234
1847	234
1846	234
1845	234
1844	234
3250	234
4958	234
4959	234
2169	234
2168	234
3251	234
2165	234
2164	234
2167	234
2166	234
4956	234
2160	284
2163	234
2162	234
3253	234
3254	234
3255	234
3298	284
1944	234
1908	234
1909	234
3294	234
1907	234
3296	234
5134	234
1902	234
1903	234
1900	284
3293	234
1732	234
2573	234
6891	2264
6890	234
6893	234
6892	234
6895	234
6894	234
6897	234
6896	234
6899	234
6898	234
5234	234
1278	234
1279	234
618	284
619	284
2042	234
612	234
613	234
610	234
1273	234
616	234
1275	234
614	284
615	234
1490	234
2043	234
5460	234
1492	234
1493	234
1494	234
1495	234
1496	234
5466	234
5469	234
5468	234
3338	234
3595	234
5039	234
3599	234
3598	234
4138	234
4139	234
5375	234
4130	234
4131	234
4132	234
4133	234
4134	234
4135	234
4136	234
4137	234
5692	234
5693	234
5690	234
5691	234
5696	234
5697	234
5694	234
5695	234
3849	284
3848	284
5698	234
5699	234
1077	234
5968	234
5969	234
5960	234
5961	234
5962	234
5963	234
5964	234
5965	234
5966	234
5967	2264
4549	234
4548	234
4541	234
4540	234
4543	234
4542	234
4545	234
4544	234
4547	234
4546	234
1073	234
2594	234
2595	234
2596	850
2597	234
2590	234
2591	234
2592	234
2593	234
2598	850
2599	850
1070	234
6042	234
6043	234
6040	234
6041	234
6046	234
6047	234
6044	234
6045	234
5372	234
6048	234
6049	234
2622	234
2623	234
2620	234
2621	234
2626	234
2627	234
2624	234
2625	234
2628	234
2629	234
775	234
774	234
777	234
776	234
771	234
770	234
773	234
772	234
779	234
778	234
77	234
76	234
2978	234
2979	234
73	234
72	234
71	234
70	234
2972	234
2973	234
2970	234
2971	234
2976	234
2977	234
2974	1340
2975	234
1043	284
1042	234
5360	234
1040	234
5366	234
5367	234
5364	234
5365	234
5368	234
5369	234
1506	234
4303	234
4302	234
4301	234
4300	234
4307	234
4306	234
4305	234
4304	234
841	234
4309	234
4308	234
1507	234
3128	234
3129	234
3122	234
3123	234
3120	234
3121	234
3126	234
3127	234
3124	234
3125	234
5753	234
5752	234
5751	234
5750	234
5757	234
5756	234
5755	234
5754	234
5759	234
5758	234
3445	234
4609	234
3444	234
3447	234
862	234
865	234
864	234
3443	234
3442	234
2756	234
2757	234
2754	234
2755	234
2752	234
2753	234
4707	234
2750	234
4706	234
2023	234
4604	234
4705	234
6675	234
6674	234
6677	234
6676	234
6671	234
6670	234
6673	234
6672	234
4703	234
6679	234
6678	234
4702	234
2325	234
4700	234
5197	234
4801	234
5196	234
2369	234
2368	234
2367	234
2366	234
2365	234
2364	234
2363	234
2362	234
2361	234
2360	234
5191	234
1861	234
1860	234
1863	234
1862	234
3728	234
1864	234
1867	234
1866	234
1869	234
1868	234
3726	234
3727	234
3720	234
3721	234
3722	234
3723	234
4930	234
4931	234
4932	234
4933	234
4934	234
4935	234
4936	234
4681	234
4938	234
1613	234
4688	234
4689	234
2109	234
2108	234
2103	234
2102	234
2101	234
2100	234
2107	234
2106	234
2105	234
2104	234
5115	234
5114	234
5117	234
5116	234
5111	234
5110	234
5113	234
1610	234
5119	234
5118	234
1611	234
9	284
890	234
891	234
892	284
893	234
894	234
895	234
896	234
897	284
898	284
899	234
1788	234
1789	234
1780	234
1781	234
1782	234
1783	234
1784	234
1785	234
1786	234
1787	234
6879	234
6878	234
6877	234
6876	234
6875	234
6874	234
6873	234
6872	234
6871	234
6870	234
3804	234
678	234
679	234
674	234
675	234
676	234
677	234
670	234
671	234
672	234
673	234
4649	234
3802	284
4642	234
4643	234
4640	234
4641	234
4646	234
1965	234
4647	234
4644	234
4645	234
1256	234
1257	234
1254	234
1255	234
1520	234
1253	234
1250	234
1251	234
1528	234
1529	234
1258	234
1259	234
4116	234
4117	234
4114	234
4115	234
4112	234
4113	234
4110	234
4111	234
4118	234
4119	234
3343	234
7103	234
3340	234
7109	234
3341	234
5946	234
5947	234
5944	234
5945	234
5942	234
5943	234
5940	234
5941	234
5948	234
5949	234
1602	234
3344	234
141	234
6028	234
6029	234
6020	234
6021	234
6022	234
6023	234
6024	234
6025	234
6026	234
6027	234
2648	234
2649	234
2640	234
2641	234
2642	234
2643	234
2644	234
2645	234
2646	234
2647	234
6955	234
3557	234
3556	234
3555	234
3554	234
3553	234
3552	234
3551	234
3550	234
3559	234
3558	234
2910	234
2911	234
2912	234
2913	234
2914	234
2915	234
2916	234
718	234
717	234
716	234
715	234
714	234
713	234
712	234
711	234
710	234
1069	284
1068	284
1061	234
1060	284
1063	284
1062	234
1065	284
1064	284
1067	234
1066	234
6956	234
4329	234
4328	234
4321	234
4320	234
4323	234
4322	234
4325	234
4324	234
4327	234
4326	234
3140	234
3141	234
3142	234
3143	234
3144	234
3145	234
3146	234
3147	234
3148	234
3149	234
1630	234
5779	234
5778	234
5771	234
5770	234
5773	234
5772	234
5775	234
5774	234
5777	234
5776	234
1632	234
1633	234
1634	234
6613	234
6612	234
6611	234
6610	234
6617	234
6616	234
6615	234
6614	234
6619	234
6618	234
3500	234
1636	234
3501	234
3502	234
3503	234
3504	234
3505	234
1637	234
3506	234
3507	234
2345	234
2344	234
2347	234
2346	234
2341	234
2340	234
2343	234
2342	234
2349	234
2348	234
2067	234
3708	284
3709	284
1889	234
1888	234
3702	234
3703	234
1885	234
3701	234
3706	234
3707	234
1881	234
1880	234
2121	234
6446	234
2123	234
2122	234
4668	284
4669	234
2127	234
2126	234
4664	234
2128	234
4666	234
4667	234
4660	234
6444	234
4662	234
4663	234
6917	234
6910	234
6911	234
5173	234
5172	234
5171	234
5170	6482
5177	234
6440	234
5175	284
5174	234
5179	234
6441	234
133	234
132	234
131	234
130	234
137	234
136	234
135	234
134	234
139	234
138	234
5924	234
6855	234
6854	234
6857	234
6856	234
6851	234
6850	234
6853	234
6852	234
6859	234
6858	234
5339	234
88	234
89	234
82	234
83	234
80	234
81	234
86	234
87	284
84	234
85	284
6583	284
6582	234
6581	234
6580	234
6587	234
6586	234
6585	234
6584	234
6589	234
6588	234
3368	234
656	234
657	234
654	234
655	234
652	234
653	234
650	234
651	234
3085	284
3084	234
1508	234
1509	234
3081	284
3080	284
658	234
3082	284
3369	234
3885	234
3884	234
3887	234
3886	234
3881	234
3880	234
3883	234
3882	234
3889	234
3888	234
2484	234
1884	234
1883	234
7123	234
1882	234
3960	284
6006	234
6007	234
6004	234
6005	234
6002	234
6003	6989
6000	234
6001	234
6008	234
6009	234
995	234
994	234
997	234
996	234
991	234
990	234
993	234
992	234
999	234
998	234
5098	234
5099	234
3579	234
3578	234
3575	234
5091	234
3577	234
3576	234
3571	234
3570	234
3573	234
3572	234
2666	234
2667	234
2664	234
2665	284
2662	284
2663	284
2660	284
2661	234
2668	234
2669	234
2938	234
2939	234
2936	234
2937	234
2934	234
2935	234
2932	234
2933	234
2930	234
2931	234
5326	234
5327	234
5324	234
5325	234
5322	234
5323	234
5320	1340
5321	234
3799	234
5328	234
1837	284
1396	234
1743	234
3797	234
1839	234
2161	284
3168	234
3169	234
3166	234
3167	234
3164	234
3165	234
3162	234
3163	234
3160	234
3161	234
2406	234
2407	234
4983	234
731	234
730	234
733	234
4982	284
735	234
734	234
737	284
736	234
739	284
2150	234
2403	234
2400	234
4986	234
2006	234
6639	234
6638	234
6631	234
6630	234
6633	234
6632	234
6635	234
6634	234
6637	234
6636	234
2008	234
2323	234
2322	234
2321	234
2320	234
2327	234
2326	234
4701	284
2324	234
2329	234
2328	234
4709	234
4708	234
3760	234
3761	234
3762	284
3763	234
3764	234
3765	234
3766	234
3767	234
3768	234
3769	234
1560	234
1792	234
1561	234
1616	234
286	284
1562	234
2499	234
2498	234
4648	234
1291	234
2491	234
2490	234
2493	234
2492	234
2495	234
2494	234
2497	234
2496	234
1566	234
1567	234
5159	234
5158	234
5151	234
5150	234
5153	234
5152	234
5155	234
5154	234
5157	234
5156	234
115	234
114	234
117	234
116	234
111	234
110	234
113	234
112	234
3244	234
119	234
118	234
1330	234
6833	234
6832	234
6831	234
6830	234
6837	284
6836	234
6835	234
6834	234
6839	234
6838	284
1748	234
1749	234
1744	234
5498	234
1746	234
1747	234
1740	234
1741	234
1742	234
5499	234
3308	234
3309	234
5494	234
5495	234
5496	234
1802	234
5497	234
5490	234
5491	234
1568	234
1569	234
1298	234
1299	234
5492	234
1292	234
1293	234
1290	234
5493	234
1296	234
1297	234
1294	234
1295	234
5638	234
5639	234
5634	234
5635	234
5636	234
5637	234
5630	234
5631	234
5632	234
5633	234
