27
0.118998179737
5988	529
5989	529
5982	529
5983	529
5980	529
5981	529
5986	529
5987	529
5984	529
5985	529
6796	529
6797	529
6794	529
6795	529
6792	529
6793	529
6790	529
6791	529
6798	529
6799	529
2147	529
270	3
271	3
272	3
273	3
274	529
275	3
276	3
277	3
278	3
279	3
2146	529
3282	3
3519	529
3518	529
3513	529
3512	529
3511	529
3510	529
3517	529
3516	529
3515	529
3514	529
2688	529
2689	529
2684	529
2685	529
2686	529
2687	529
2680	529
2681	529
2682	529
2683	529
99	529
98	529
91	529
90	529
93	529
92	529
95	529
94	529
97	529
96	529
1177	529
1176	529
1175	529
1174	529
1173	529
1172	529
1171	529
1170	529
1179	529
1178	529
7188	529
7189	529
877	529
7180	529
7181	529
7182	529
7183	529
7184	529
7185	529
7186	529
7187	529
623	529
3433	529
622	529
3434	529
1225	529
873	3
620	3
870	529
627	529
871	529
626	529
2741	529
625	529
4593	529
624	529
4590	529
4591	529
2033	529
2032	529
4594	529
2746	529
4844	529
4845	3
4846	3
4847	529
2318	529
2319	529
2039	529
2038	529
2314	529
2315	529
393	529
392	529
391	529
390	529
397	529
396	529
395	529
394	529
399	529
398	529
2309	529
2308	529
4729	529
4728	529
4725	529
4724	529
4727	529
4726	529
4721	529
4720	529
4723	529
4722	529
5847	529
5846	529
5845	529
5844	529
5843	529
5842	529
5841	529
5840	529
5849	529
5848	529
3748	529
3749	529
3746	529
3747	529
3744	529
3745	529
3742	529
3743	529
3740	529
3741	529
4620	529
4621	529
4622	529
4623	529
4624	529
4625	529
4626	529
4627	529
4628	529
4629	529
179	529
178	529
177	529
176	529
175	529
174	529
173	529
172	529
171	529
170	529
7218	529
7219	529
7210	529
7211	529
7212	529
7213	529
7214	529
7215	3
7216	529
7217	529
6217	529
6216	529
6215	529
6214	529
6213	529
6212	529
6211	529
6210	529
6219	529
6218	529
6819	529
6818	529
6811	529
6810	529
6813	529
6812	529
6815	529
6814	529
6817	529
6816	529
1601	529
1768	529
1769	529
1762	529
1763	529
1760	529
1761	529
1766	529
1767	529
1764	529
1765	529
1546	529
693	529
690	529
691	529
696	529
697	529
694	529
695	529
698	529
699	529
1548	529
1549	529
5618	529
5619	529
5612	529
5613	3
5610	529
5611	529
5616	529
5617	529
5614	3
5615	529
6778	529
6779	529
6774	529
6775	529
6776	529
6777	529
6770	529
6771	529
6772	529
6773	529
258	529
259	3
252	3
253	3
250	3
251	3
256	529
257	3
254	3
255	529
3689	529
3688	529
3683	529
3682	3
3681	3
3680	529
3687	529
3686	529
3685	529
3684	529
2518	529
2519	529
2514	529
2515	529
2516	529
2517	529
2510	529
2511	529
2512	3
2513	529
3531	529
3530	529
3533	3
3532	529
5058	529
5059	529
3537	3
3536	529
3539	529
5055	529
5056	3
5057	529
5050	590
5051	590
5052	529
5053	3
1159	529
1158	529
1155	3
1154	3
1157	529
1156	529
1151	3
1150	529
1153	529
1152	3
4299	529
4298	529
4295	529
4294	529
4297	529
4296	529
4291	529
4290	529
4293	529
4292	529
4749	529
4748	529
4743	529
4742	529
4741	529
4740	529
4747	529
4746	529
4745	529
4744	529
5869	529
5868	529
5865	529
5864	529
5867	529
5866	529
5861	5521
5860	529
5863	529
5862	529
2183	529
2182	529
2181	529
2180	529
2187	529
2186	529
2185	529
2184	529
4606	3
4607	529
2189	529
2188	529
4602	3
4603	529
4600	529
4601	529
6907	529
6906	529
6453	529
6452	529
6455	529
6902	529
151	529
150	529
153	3
152	529
155	3
154	3
157	529
156	529
159	529
158	529
6900	529
6187	529
6186	529
6185	529
6184	529
6183	529
6182	529
6181	529
6180	529
6954	529
6189	529
6188	529
2727	529
2726	529
2725	529
2724	529
2723	529
2722	529
2721	529
2720	529
2729	529
2728	529
7234	529
7235	529
7232	529
7233	529
7230	529
7231	529
692	529
6239	529
6238	529
3089	3
6235	529
6234	529
6237	529
6236	529
6231	529
6230	529
6233	529
6232	529
3088	529
818	812
819	529
810	529
811	529
812	812
813	812
814	529
815	812
816	529
817	812
1700	529
1701	529
5265	529
5264	529
1704	529
1705	529
1706	529
1707	529
1708	529
1709	529
2097	529
5269	529
5268	529
2096	529
4574	529
4575	529
2093	529
4577	529
3959	3
3029	529
3028	529
3027	529
3026	529
3025	529
3024	529
3023	529
3022	529
3021	529
3020	529
4198	529
4199	529
4196	529
4197	529
4194	529
4195	529
4192	529
4193	529
4190	529
4191	529
5670	529
5671	529
5672	529
5673	529
5674	529
5675	529
5676	529
5677	529
5678	529
5679	529
473	529
6437	529
6436	529
6435	529
6434	529
6433	529
6432	529
6431	529
6430	529
6439	3
6438	529
6758	529
6759	529
6752	529
6753	529
6750	529
6751	529
6756	529
6757	529
6754	529
6755	529
238	529
239	529
234	529
235	529
236	529
237	529
230	529
231	529
232	529
233	529
4680	529
2538	529
2539	529
2532	529
2533	529
2530	529
2531	529
2536	529
2537	529
2534	2535
2535	2535
5078	529
5079	529
5072	529
5073	529
5070	529
5071	529
5076	529
5077	529
5074	529
5075	529
939	529
938	529
933	529
932	529
931	529
930	529
937	529
936	529
935	529
934	529
5380	529
5381	529
5382	529
5383	529
5384	529
5385	529
5386	529
5387	529
5388	529
5389	529
797	529
796	529
795	529
794	529
793	529
792	529
791	529
790	529
2413	529
799	529
798	529
2412	529
2415	529
2414	529
1139	3
1138	3
2417	529
1133	3
1132	3
1131	3
1130	3
1137	3
1136	3
1135	3
1134	3
4974	529
4975	529
7148	529
7149	529
7144	529
7145	529
7146	529
7147	529
7140	529
7141	529
7142	529
7143	529
4972	529
2148	529
2882	529
2883	529
2880	529
2881	529
2886	529
2887	529
2884	529
2885	529
2888	529
2889	529
2	3
1920	529
1921	529
3274	529
3275	529
3272	529
3310	529
1925	529
3270	529
3271	529
4761	529
4760	529
4763	529
4762	529
4765	529
4764	529
4767	529
4766	529
4769	4770
4768	529
5809	529
5808	529
5803	529
5802	529
5801	529
5800	529
5807	529
5806	529
5805	529
5804	529
685	529
1572	529
687	529
1570	529
1577	529
680	529
1575	529
682	529
3313	529
4888	529
4889	529
2709	529
2708	529
2705	529
2704	529
2707	529
2706	529
4884	529
2700	529
4886	529
2702	529
6259	529
6258	529
6253	529
6252	529
6251	529
6250	6269
6257	529
6256	529
6255	529
6254	529
475	529
832	3
833	529
830	529
831	3
836	529
837	529
834	529
3473	529
838	529
839	3
3478	529
3479	529
5249	529
5248	529
1728	529
1729	529
1726	529
5244	529
1724	529
1725	529
1722	529
1723	529
1720	529
1721	529
5489	529
3005	529
3004	529
3007	529
3006	529
3001	529
3000	529
3003	529
3002	529
3009	529
3008	529
1588	529
1589	529
1582	529
1583	529
1580	529
1581	529
1586	529
1587	529
1584	529
1585	529
3317	529
3316	529
1635	529
5658	529
5659	529
5656	529
5657	529
5654	529
5655	529
5652	529
5653	529
5650	529
5651	529
6419	529
6418	529
6415	529
6414	529
6417	529
6416	529
6411	529
6410	529
6413	529
6412	529
3917	1340
3916	529
3915	529
3914	529
3913	529
3912	529
3911	529
3910	529
3919	529
3918	529
6730	529
6731	529
6732	529
6733	529
6734	529
6735	529
6736	529
6737	529
6738	529
6739	529
216	529
217	529
214	529
215	529
212	529
213	529
210	529
211	529
218	529
219	529
6088	529
6089	529
6086	529
6087	529
6084	529
6085	529
6082	529
6083	529
6080	529
6081	529
3649	529
3648	529
3647	529
3646	529
3645	529
3644	529
3643	529
3642	529
3641	529
3640	529
2550	529
2551	529
2552	529
2553	529
2554	529
2555	529
2556	529
2557	529
2558	529
2559	529
5010	529
5011	529
5012	3
5013	529
5014	529
5015	529
5016	529
5017	3
5018	529
5019	529
4419	529
4418	529
4417	529
4416	529
4415	529
4414	529
4413	529
4412	529
4411	529
4410	529
919	529
918	529
915	3
914	3
917	529
916	529
911	3
910	529
913	3
912	3
7168	529
7169	529
7162	529
7163	529
7160	529
7161	529
7166	529
7167	529
7164	529
7165	529
1212	529
1807	529
1213	529
1210	529
633	529
1605	529
1216	529
1217	529
636	529
637	3
1447	529
1110	529
1445	529
1444	529
1443	529
1114	529
1117	529
1440	529
1119	529
1118	529
1449	529
4588	529
2004	529
4858	529
4857	529
4856	529
4587	529
2009	529
4853	529
4852	529
2301	529
4583	529
2300	529
4582	529
2303	529
2302	529
2305	529
2304	529
2307	529
4789	529
4788	529
4787	529
4786	529
4785	529
2306	529
4783	529
4782	529
4781	529
4780	529
5821	529
5820	529
5823	3
5822	3
5825	529
5824	529
5827	529
5826	529
5829	529
5828	529
1801	529
1182	529
199	529
198	529
195	529
194	529
197	529
196	529
191	529
190	529
193	529
192	529
2769	529
2768	529
2763	529
2762	529
2761	529
2760	529
2767	529
2766	529
2765	529
2764	529
6271	529
6270	529
6273	3
6272	529
6275	529
6274	529
6277	529
6276	529
6279	529
6278	529
1183	529
4916	529
3452	529
3453	529
3450	529
3451	529
3456	529
3457	529
3454	529
3455	529
3458	529
3459	529
858	529
859	529
6	3
5229	529
5228	529
5223	529
5222	529
5221	529
5220	529
5227	529
5226	529
5225	529
5224	529
3063	529
3062	529
3061	529
3060	529
3067	529
3066	529
3065	529
3064	529
3069	529
3068	529
1304	529
1305	529
1306	529
1307	529
1300	529
1301	529
1302	529
1303	529
1308	529
1309	529
498	529
499	529
494	529
495	529
496	529
497	529
490	529
491	529
492	529
493	529
6479	529
6478	529
6473	529
6472	529
6471	529
6470	529
6477	529
6476	529
6475	529
6474	529
3939	529
3938	529
3935	529
3934	529
3937	529
3936	529
3931	529
3930	529
3933	529
3932	529
1241	529
6718	529
6719	529
6716	529
6717	529
6714	529
6715	529
6712	529
6713	529
6710	529
6711	529
1604	529
4044	529
4045	529
4046	529
4047	529
4040	529
4041	529
4042	529
4043	529
4048	529
4049	529
3665	529
3664	529
3667	529
3666	529
3661	529
3660	529
3663	529
3662	529
3669	529
3668	529
2578	529
2579	529
2576	529
2577	529
2574	529
2575	529
2572	529
5583	529
2570	529
2571	529
3593	529
3592	529
3591	529
3590	529
3597	529
3596	529
5038	529
3594	529
5036	529
5037	1340
5034	529
5035	529
5032	529
5033	529
5030	529
5031	529
4435	529
4434	529
4437	529
4436	529
4431	529
4430	529
4433	529
4432	529
4439	529
4438	529
977	529
976	529
975	529
974	529
973	529
972	529
971	529
970	529
979	529
978	529
1243	529
3386	529
3387	529
3384	529
7100	529
7101	529
7102	529
3385	529
7104	529
7105	529
7106	529
7107	5991
7108	529
5410	529
5411	529
5412	529
5413	529
1681	529
1680	529
1683	529
1682	529
1685	529
1684	529
1687	529
1686	529
1689	529
1688	529
4917	529
1469	529
1468	529
1465	529
1464	529
1467	529
1466	529
1461	266
1460	266
1463	529
1462	529
4239	529
4238	529
4237	529
4236	529
4235	529
4234	529
4233	529
4232	529
4231	529
4230	529
5591	529
5590	529
5593	529
5592	529
5595	529
5594	529
5597	529
5596	529
5599	529
5598	529
319	529
318	529
313	529
312	529
311	529
310	529
317	529
316	529
315	529
314	529
3299	3
443	529
442	529
441	529
440	529
1331	529
4218	529
445	529
444	529
405	529
2299	529
2298	529
2293	529
2292	529
2291	529
2290	529
2297	529
2296	529
2295	529
2294	529
6299	529
6298	529
6297	529
6296	529
6295	529
6294	529
6293	529
6292	529
6291	529
6290	529
4704	529
5574	529
4672	529
3438	529
3439	529
878	529
879	529
876	529
3431	529
874	529
875	529
872	529
3435	529
3436	529
3437	529
4592	529
2740	3
2743	529
2742	3
2745	529
2744	529
2031	529
2030	529
2749	529
2748	529
4598	529
4599	529
4840	529
4841	529
4842	529
4843	529
4937	529
5201	529
5200	529
5203	529
5202	529
5205	529
5204	529
5207	529
5206	529
5209	529
5208	529
1911	529
4939	529
1910	529
3049	529
3048	529
3041	529
3040	529
3043	529
3042	529
3045	529
3044	529
3047	529
3046	529
1913	529
1094	529
1095	529
1096	529
1097	529
1090	529
1091	529
1092	529
1093	529
1098	529
1099	529
5192	529
1322	529
1323	529
1320	529
1321	529
1326	529
1327	529
1324	529
1325	529
1328	529
1329	529
6451	529
6450	529
6905	529
6904	529
6903	529
6454	529
6901	529
6456	529
6459	529
6458	529
6909	529
6908	529
1917	529
1916	529
3958	3
3953	529
3952	529
3951	529
3950	529
3957	529
3956	529
3955	529
3954	529
1966	529
4062	529
4063	529
4060	529
4061	529
4066	529
4067	529
4064	529
4065	529
4068	529
4069	529
5784	529
5785	529
5786	529
5787	529
5780	529
5781	529
5782	529
5783	529
5788	529
5789	529
3603	529
3602	529
3601	529
3600	529
3607	529
3606	529
3605	529
3604	529
3609	529
3608	529
4453	529
4452	529
4451	3
4450	529
4457	529
4456	529
4455	529
4454	529
4459	529
4458	529
959	529
958	529
951	529
950	529
953	529
952	529
955	529
954	529
957	529
956	529
6334	529
6335	529
6336	529
6337	529
6330	529
6331	529
6332	4695
6333	529
6338	529
6339	529
2174	529
2175	529
7128	529
7129	529
7126	529
7127	529
7124	529
7125	529
7122	529
4965	529
7120	529
7121	529
4964	529
1669	529
1668	529
1667	529
1666	529
1665	3
1664	3
1663	529
1662	529
1661	529
1660	529
591	529
590	590
593	529
592	529
595	529
594	529
597	529
596	529
599	529
598	529
2607	529
2828	3
2829	529
2824	529
2825	529
2826	529
2827	529
2820	529
2821	529
2822	529
2823	529
5414	529
5415	529
5416	529
5417	529
3382	529
3383	529
3380	529
3381	529
5418	529
5419	529
3388	529
3389	529
1409	529
1408	529
1403	529
1402	529
1401	529
1400	529
1407	529
1406	529
1405	529
1404	529
4215	529
4214	529
4217	529
4216	529
4211	529
4210	529
4213	529
4212	529
3961	529
4219	529
1544	529
1545	529
1542	529
1543	529
1933	529
1540	529
5579	529
5578	529
5577	529
5576	529
5575	529
1541	529
5573	529
5572	529
5571	529
5570	529
1930	529
5799	529
3265	529
5798	529
5129	529
339	529
338	529
335	529
334	529
337	529
1934	529
331	529
330	529
333	529
332	529
3269	529
3268	529
1939	529
1938	529
3195	529
3631	529
6109	529
6108	529
6107	529
6106	529
6105	529
6104	529
6103	529
6102	529
6101	529
6100	529
3336	3
1932	529
3416	529
3417	529
3414	529
3415	529
3412	529
3413	529
3410	529
3411	529
1931	529
3418	529
3419	529
4868	2972
4869	529
2019	529
2018	529
2015	529
2014	529
2017	529
2016	529
2011	529
2010	529
4864	529
4865	529
1937	529
3335	3
1936	529
3193	529
1935	529
1348	529
459	529
1340	1340
1341	1340
1342	529
453	529
1344	529
1345	529
456	529
1347	529
6929	529
6928	529
6925	529
6924	529
6927	529
6926	529
6921	529
6920	529
6923	529
6922	529
4008	529
4009	529
3191	529
4000	529
4001	529
4002	529
4003	529
4004	529
4005	529
4006	529
4007	529
3971	529
3970	529
3973	529
3972	529
3975	529
3974	529
3977	529
3976	529
3979	529
3978	529
3629	529
3628	529
3621	529
3620	529
3623	529
3622	529
3625	529
3624	529
3627	529
3626	529
4479	529
4478	529
2955	529
4471	529
4470	529
4473	529
4472	529
4475	529
4474	529
4477	529
4476	529
6447	6447
2464	529
2465	529
2466	529
2467	529
2460	529
2461	529
2462	529
2463	529
2468	529
2469	529
5347	529
5340	529
5341	529
5342	529
1022	529
6312	529
6313	529
6310	529
6311	529
6316	529
6317	529
6314	529
6315	529
6318	529
6319	529
1029	529
1028	529
1645	529
1644	529
1647	529
1646	529
1641	529
1640	529
1643	529
1642	529
1649	529
1648	529
579	529
578	529
573	529
572	529
571	529
570	529
577	529
576	529
575	529
574	529
2808	529
2809	529
2802	529
2803	529
2800	529
2801	529
2806	529
2807	529
2804	529
2805	529
1421	529
1420	529
5430	529
5431	529
5436	529
5437	529
5434	529
1426	529
1429	529
1428	529
3366	529
3367	529
3360	529
3361	529
3362	529
3363	529
4957	529
4273	529
4272	529
4271	529
4270	529
4277	529
4276	529
4275	529
4274	529
609	529
4279	529
4278	529
608	529
5555	529
5554	529
5557	529
5556	529
5551	529
5550	529
5553	529
5552	529
5559	529
5558	529
4861	529
4866	529
4867	529
2013	529
2012	529
5883	529
5882	529
5881	529
5880	529
5887	3
5886	529
5885	529
5884	529
5889	529
5888	529
6554	529
6555	529
6556	529
6557	529
6550	529
6551	529
6552	529
6553	529
6558	529
6559	529
357	529
356	529
355	529
354	529
353	529
352	529
351	529
350	529
359	529
358	529
6125	529
6124	529
6127	529
6126	529
6121	529
6120	529
6123	529
6122	529
6129	529
6128	529
3750	529
2190	529
2191	529
2192	529
2193	529
2259	529
2258	529
2257	529
2194	529
2255	529
2254	529
2253	529
2252	529
2251	529
2195	529
2196	529
2197	529
4800	529
2784	529
2787	529
2786	529
2781	529
2780	529
2783	529
2782	529
4808	529
4809	529
2789	529
2788	529
2079	529
2078	529
2073	529
2072	529
2071	529
2070	529
2077	529
2076	529
2075	529
2074	529
4098	529
7081	529
7080	529
7083	3
7082	529
7085	529
7084	529
7087	3
7086	529
7089	529
7088	3
6495	529
6494	529
6497	529
6496	529
6491	529
6490	529
6493	529
6492	529
6499	529
6498	529
6949	529
6948	529
6943	4991
6942	529
6941	529
6940	529
6947	529
6946	529
6945	529
6944	529
4398	529
4399	529
4390	529
4391	529
4392	529
4393	529
4394	529
4395	529
4396	529
4397	529
472	529
3196	529
1364	529
471	529
1362	529
1363	529
1360	529
1361	529
478	529
479	529
1368	529
1369	529
4026	529
4027	529
4024	3
4025	529
4022	529
4023	529
4020	529
4021	529
4028	529
4029	529
3999	529
3998	529
3997	529
3996	529
3995	529
3994	529
3993	3
3992	529
3991	529
3990	529
298	529
299	529
296	529
297	529
294	529
295	529
292	529
293	529
290	529
291	529
587	3
581	529
2442	529
2443	529
2440	529
2441	529
2446	529
2447	529
2444	529
2445	529
2448	529
2449	529
6378	529
6379	529
6370	529
6371	529
6372	529
6373	529
6374	529
6375	529
6376	529
6377	529
4978	529
4979	529
3391	529
5406	529
5405	529
5404	529
3395	529
5402	529
1623	529
1622	529
1621	529
1620	529
1627	529
1626	529
1625	529
3200	529
1999	529
1998	529
1629	529
1628	529
3209	529
3208	529
3398	529
3535	529
3534	3
2860	2858
2861	529
2862	529
2863	529
559	3
558	529
2866	529
2867	529
555	529
554	529
557	529
556	529
551	529
550	529
553	529
552	529
5054	3
1438	529
3538	529
5408	529
1199	529
1198	529
3348	529
3349	529
1191	529
5451	529
1193	529
1192	529
1195	529
1194	529
1197	529
1196	529
4259	529
4258	529
4251	529
4250	3
4253	529
4252	529
4255	529
4254	529
4257	529
4256	529
5533	529
5532	529
5531	529
5530	529
5537	529
5536	529
5535	529
5534	529
5539	529
5538	529
458	529
1349	529
6572	529
6573	529
6570	529
6571	529
6576	529
6577	529
6574	529
6575	529
6578	529
6579	529
450	529
451	529
452	529
3834	529
3835	529
3836	529
3837	529
3830	529
3831	529
3832	529
3833	529
454	529
5101	529
3838	529
3839	529
455	529
3207	529
1346	529
457	529
5106	529
379	529
378	529
371	529
370	529
373	529
372	529
375	529
374	529
377	529
376	529
6143	529
6142	529
6141	529
6140	529
6147	529
6146	529
6145	529
6144	529
6149	529
6148	529
3203	529
2275	529
2274	529
2277	529
2276	529
2271	529
2270	529
2273	529
2272	529
2279	529
2278	529
2051	529
2050	529
2053	529
2052	529
2055	529
2054	529
2057	529
4829	529
2059	529
2058	529
4824	529
4537	529
4530	529
4531	529
4532	529
4821	3
2405	529
7069	529
7068	529
7067	529
7066	529
7065	529
7064	529
7063	529
7062	529
7061	529
7060	529
3786	529
6961	529
6960	529
6963	529
6962	529
6965	529
6964	529
6967	529
6966	529
6969	529
6968	529
414	529
415	529
416	529
417	529
410	529
411	529
412	529
413	529
1384	3
1385	3
1386	529
1387	529
418	529
419	529
1382	529
1383	3
1775	3
1774	529
1777	3
1776	529
1771	529
1770	529
5272	529
1772	529
1779	529
1778	3
6688	529
6689	529
6680	529
6681	529
6682	529
6683	529
6684	529
6685	529
6686	529
6687	529
2428	529
2429	529
2420	529
2421	529
2422	529
2423	529
2424	529
2425	529
2426	529
2427	529
6356	529
6357	529
6354	529
6355	529
6352	529
6353	529
6350	529
6351	529
6358	529
6359	529
1814	529
1815	529
1816	529
1817	529
1810	529
1811	529
1812	529
1813	529
1818	529
1819	529
4952	529
4953	529
4950	3
1609	529
1608	529
4951	529
3229	529
3228	529
1979	529
1978	529
3225	529
3224	529
1975	529
1974	529
3221	529
3220	529
1971	529
1970	529
4954	529
4955	529
2848	529
2849	529
2846	3
2847	529
2844	529
2845	529
2842	529
2843	529
2840	529
2841	529
3320	529
3321	529
3322	529
3323	529
3324	529
3325	529
3326	529
3327	529
3328	529
3329	529
5478	529
5479	529
5519	529
5518	529
5511	529
3038	529
5513	5514
5512	529
5515	529
5514	5514
5517	529
3039	529
1559	529
537	529
536	529
535	529
534	529
533	529
532	529
531	529
530	529
539	529
538	529
1976	529
5139	529
1558	529
5138	529
1906	529
5136	4770
1904	529
6518	529
6519	529
1905	529
6510	529
5133	3
6512	529
6513	529
6514	529
6515	529
6516	529
3291	3
5131	529
1901	529
3812	529
3813	3
3810	529
3811	529
3816	529
3817	3817
3814	3
3815	529
3818	529
3819	529
6169	529
6168	529
6161	529
6160	529
6163	529
6162	529
6165	529
6164	529
6167	529
6166	529
2213	529
2212	529
2211	529
2210	529
2217	529
2216	529
2215	529
2214	529
2219	3
2218	529
6137	529
4518	529
4519	529
4512	529
4513	529
4510	529
4511	529
4516	529
4517	529
4514	529
4515	529
5289	529
5288	529
5281	529
5280	529
5283	529
5282	529
5285	529
5284	529
5287	529
5286	529
7045	529
7044	529
7047	529
7046	529
7041	529
7040	529
7043	529
7042	529
7049	529
7048	529
6989	3817
6988	529
6987	529
6986	529
6985	529
6984	529
6983	529
6982	529
6981	529
6980	529
2989	529
2988	529
2983	529
2982	529
2981	529
2980	529
2987	529
2986	529
2985	529
2984	529
1018	529
1019	529
1014	529
1015	529
1016	529
1017	529
1010	529
1011	529
1012	529
1013	529
4358	529
4359	529
4354	529
4355	529
4356	529
4357	529
4350	529
4351	529
4352	529
4353	529
438	529
439	529
436	529
437	529
434	529
435	529
432	529
433	529
430	529
431	529
3312	529
5708	529
5709	529
5704	529
5705	529
5706	529
5707	529
5700	529
5701	529
5702	529
5703	529
3315	529
3314	529
1434	529
1435	529
1432	529
5357	529
5356	529
1052	3
1430	529
5354	529
1054	3
5352	529
1056	3
1057	529
1431	529
5329	529
1832	529
1833	529
1830	529
1831	529
1836	529
3798	529
1834	529
1835	529
3795	266
3794	529
1838	529
3796	529
3791	529
3790	529
3793	529
3792	529
4981	529
4980	529
2156	529
2157	529
4985	529
4984	529
2152	529
2153	529
4989	529
4988	529
2158	529
2159	3
2408	529
2409	529
1955	529
1954	529
1957	529
1956	529
1951	529
1950	529
1953	529
1952	529
1959	529
1958	529
3249	529
3248	529
3243	529
3242	529
3241	3
3240	3
3247	529
3246	3245
3245	3245
1990	529
4925	529
1993	529
1483	529
1482	529
1481	529
1480	529
1487	529
1486	529
1485	529
1484	529
3306	529
3307	529
1489	529
1488	529
3302	3
3303	529
3300	3
3301	3
1992	529
1270	529
1271	529
1272	529
611	3
1274	529
617	3
2060	529
1276	529
2793	529
1277	529
2062	529
2063	529
1994	529
2064	529
2065	529
519	529
518	529
2066	529
511	529
510	529
513	529
512	529
515	529
514	529
517	529
516	529
1227	529
1226	529
621	529
1224	529
1223	529
1222	529
1221	529
1220	529
629	529
628	529
1229	529
1228	529
6536	529
6537	529
6534	529
6535	529
6532	529
6533	529
6530	529
6531	529
6538	529
6539	529
1996	529
3878	529
3879	529
3870	529
3871	529
3872	529
3873	529
3874	529
3875	529
3876	529
3877	529
4167	529
4166	529
4165	529
4164	529
4163	529
4162	529
4161	529
4160	529
4169	529
4168	529
2239	529
2238	529
2231	529
2230	529
2233	529
2232	529
2235	529
2234	529
2237	529
2236	529
5937	529
5936	5514
5935	529
5934	529
5933	529
5932	529
5931	529
5930	529
5939	529
5938	529
1631	529
4608	529
3498	529
3499	529
3496	529
3497	529
3494	529
3495	529
3492	529
3493	529
3490	529
3491	529
2095	529
2094	529
4572	3
4573	3
2091	529
2090	266
4576	529
2092	529
4578	529
4579	529
2099	529
2098	529
4605	529
3333	529
3	3
3332	529
7023	529
7022	529
7021	529
7020	529
7027	529
7026	3
7025	3
7024	529
7029	529
7028	529
3331	529
3330	529
3337	3
1655	529
1038	529
1039	529
1032	529
1033	529
1030	529
1031	529
1036	529
1037	529
1034	529
1035	529
4378	529
4379	529
4372	529
4373	529
4370	529
4371	529
4376	529
4377	529
4374	529
4375	529
3334	529
4080	529
4081	529
4082	529
4083	529
4084	529
4085	529
4086	529
4087	529
4088	529
4089	529
5728	529
5729	529
5722	529
5723	529
5720	529
5721	529
5726	529
5727	529
5724	3817
5725	529
3844	3
6648	529
6649	529
6644	529
6645	529
6646	529
6647	529
6640	529
6641	529
6642	529
6643	529
6398	529
6399	529
6392	529
6393	529
6390	1340
6391	529
6396	529
6397	529
6394	529
6395	529
2396	529
2397	529
2394	529
2395	529
2392	529
2393	529
2390	529
2391	529
2398	529
2399	529
1858	529
1859	529
3840	529
1850	529
1851	529
1852	529
1853	3469
1854	529
1855	529
1856	529
1857	529
2172	529
2173	529
2170	529
2171	529
2176	529
2177	529
4969	529
4968	529
4967	529
4966	529
2178	529
2179	529
4963	529
4962	529
4961	529
4960	529
5432	529
3847	529
5433	529
3846	3
1423	529
3261	529
3260	529
3263	529
3262	529
5128	529
3264	529
3267	529
3266	529
5124	529
5125	529
5126	529
5127	529
5120	529
5121	529
5122	529
5123	529
1427	529
5435	529
3364	529
3365	529
5438	529
5439	2972
6886	529
6887	529
6884	529
6885	3
6882	529
6883	529
6880	529
6881	529
6888	529
6889	529
605	529
604	529
607	3
606	529
601	529
600	529
603	529
602	529
1205	529
1204	529
1207	529
1206	529
1201	529
1200	529
1203	529
1202	529
1353	529
464	529
1351	529
466	529
461	529
1356	529
463	529
1354	529
6950	529
6483	529
6952	529
6481	529
4149	529
4148	529
4145	3
4144	529
4147	529
4146	3
4141	529
4140	529
4143	529
4142	529
3856	529
3857	529
3854	529
3855	529
3852	529
3853	529
3850	529
3851	529
6957	529
3858	529
3859	529
5919	529
5918	529
5915	529
5914	529
5917	529
5916	529
5911	529
5910	529
5913	529
5912	529
4558	529
4559	3
4556	529
4557	529
4554	529
4555	529
4552	529
4553	529
4550	529
4551	529
6077	529
6076	529
6075	529
6074	529
6073	529
6072	529
6071	529
6070	529
6079	529
6078	529
2617	529
2616	529
2615	529
2614	529
2613	529
2612	529
2611	529
2610	529
2619	529
2618	529
5424	529
7009	529
7008	529
7001	529
7000	529
7003	529
7002	529
7005	3
7004	529
7007	529
7006	529
1184	529
740	3
741	3
742	3
743	3
744	3
745	3
746	3
747	529
748	529
749	529
1185	529
2949	529
2948	529
2947	529
2946	529
2945	529
2944	529
2943	529
2942	529
2941	529
2940	529
1050	3
1051	529
5355	529
1053	3
5353	529
1055	3
5351	3
5350	529
1058	3
1059	529
5359	529
5358	529
4310	529
4311	529
4312	529
4313	529
4314	529
4315	529
4316	529
4317	529
4318	529
4319	529
1180	529
3119	529
3118	529
3117	529
3116	529
3115	529
3114	529
3113	529
3112	529
3111	529
3110	529
1181	529
5740	529
5741	529
5742	529
5743	529
5744	529
5745	529
5746	529
5747	529
5748	529
5749	529
5267	5528
5266	529
1702	529
1703	529
5263	529
5262	529
5261	529
5260	529
2136	529
1603	529
6668	529
6669	529
6662	529
6663	529
6660	529
6661	529
6666	529
6667	529
6664	529
6665	529
7	529
2134	529
2135	529
2378	529
2379	529
2374	529
2375	529
2376	529
2377	529
2370	529
2371	529
2372	529
2373	529
1876	529
1877	529
1874	529
1875	529
1872	529
1873	529
1870	529
1871	529
1607	529
1878	529
1879	529
4945	529
4944	529
4947	529
4946	529
4941	529
4940	529
4943	529
4942	529
4949	529
4948	529
2118	529
2119	529
2130	529
2110	529
2111	529
2112	529
2113	529
2114	529
2115	529
2116	529
2117	529
1919	529
1918	529
5108	529
5109	529
3289	529
3288	529
3287	529
3286	529
3285	3
3284	3
3283	3
5107	529
3281	3
5105	529
883	529
882	529
881	529
880	3
887	529
886	529
885	3
884	3
889	529
888	529
1727	529
6868	529
6869	529
6864	529
6865	529
6866	529
6867	529
6860	529
6861	529
6862	529
6863	529
1269	529
1268	529
669	529
668	529
667	529
666	529
665	529
664	529
663	3
662	3
1265	529
660	3
5102	3
5103	529
5100	529
1912	529
1915	529
1914	529
5104	529
3280	3
4129	529
4128	2972
4123	529
4122	529
4121	529
4120	529
4127	2972
4126	529
4125	529
4124	3
5689	529
5688	529
5685	529
5684	529
5687	529
5686	529
5681	529
5680	529
5683	529
5682	529
5979	529
5978	529
5973	529
5972	529
5971	3817
5970	529
5977	529
5976	529
5975	529
5974	529
1049	529
5407	529
2587	529
2586	529
2585	529
2584	529
2583	529
2582	529
2581	529
2580	529
2589	529
2588	529
280	3
6059	529
6058	529
6055	529
6054	529
6057	529
6056	529
6051	529
6050	529
6053	529
6052	529
2639	529
2638	529
2635	529
2634	529
2637	529
2636	529
2631	529
2630	529
2633	529
2632	529
3544	529
3545	529
3546	529
3547	529
3540	529
3541	529
3542	529
3543	529
3548	529
3549	529
2965	529
2964	529
768	529
769	529
2961	3
2960	3
2963	529
2962	529
762	529
763	529
760	529
761	529
766	529
767	529
764	529
765	529
5379	529
5378	529
1078	529
1079	529
1076	529
5374	529
1074	529
5376	529
5371	529
5370	529
5373	529
1071	529
4338	529
4339	529
4336	529
4337	529
4334	529
4335	529
4332	529
4333	529
4330	529
4331	529
3135	529
3134	529
3137	529
3136	529
3131	529
3130	529
3133	529
3132	529
3139	529
3138	529
1533	529
5183	529
1532	529
5180	529
5768	529
5769	529
5766	529
5767	529
5764	529
5765	529
5762	529
5763	529
5760	529
5761	529
1531	529
5181	529
1530	529
5186	529
2256	529
5187	529
75	529
74	529
2250	529
5184	529
6600	529
6601	529
6602	529
6603	1340
6604	529
6605	529
6606	529
6607	529
6608	529
6609	529
5185	529
79	529
78	529
5362	529
4570	529
5363	529
1041	529
5361	529
1047	529
1046	529
4571	529
1045	529
1044	529
2358	529
2359	529
2352	529
2353	529
2350	529
2351	529
2356	529
2357	529
2354	529
2355	529
1048	529
1898	529
1899	529
3739	529
3738	529
1894	529
1895	529
3735	529
3734	529
1890	529
3732	529
1892	529
3730	529
4691	3
4922	529
4693	529
4692	529
4927	529
4694	529
4697	529
2131	529
4699	529
4698	529
4929	529
4928	529
2138	529
2139	529
5160	529
5161	529
5162	529
5163	529
5164	529
5165	529
5166	529
5167	529
5168	529
5169	529
4802	529
4803	529
4804	529
4805	529
4806	529
4807	529
1263	529
1262	529
1261	529
1799	529
1798	529
1793	529
1267	529
1791	529
1790	529
1797	529
1796	529
1795	529
1794	529
6848	529
6849	3
661	3
6842	529
6843	529
6840	529
6841	529
6846	529
6847	529
6844	529
6845	529
6590	529
6591	529
6592	529
6593	529
6594	529
6595	529
6596	529
6597	6597
6598	529
6599	529
5344	529
1024	529
3092	529
1240	529
643	529
642	529
3096	529
644	529
3094	529
3095	529
649	529
1248	529
3098	529
3099	529
1027	529
1539	529
1538	529
4101	529
4100	529
4103	529
4102	529
4105	529
4104	529
4107	529
4106	529
4109	529
4108	529
3377	529
3898	529
3899	529
3892	529
3893	529
3890	529
3891	529
3896	529
3897	529
3894	529
3895	3
5951	529
5950	529
5953	529
5952	529
5955	529
5954	529
5957	529
5956	529
5959	529
5958	529
1991	529
1455	529
6039	529
6038	529
6033	3817
6032	529
6031	3
6030	3
6037	529
6036	529
6035	529
6034	529
2659	529
2658	3
2653	529
2652	529
2651	529
2650	529
2657	529
2656	3
2655	529
2654	3
1606	529
3562	529
3563	529
3560	529
3561	529
3566	529
3567	529
3564	529
3565	529
3568	529
3569	529
4484	529
4485	529
4486	529
4487	529
4480	529
4481	529
4482	529
4483	529
2489	529
4488	529
4489	529
2903	529
2902	529
2901	529
2900	529
708	529
709	529
2905	529
147	529
704	529
705	529
706	529
707	529
700	529
701	529
702	529
703	529
5319	529
5318	529
5313	529
5312	529
5311	529
5310	529
5317	529
5316	529
5315	529
5314	529
3214	529
1987	529
1984	529
3153	529
3152	529
3151	529
3150	529
3157	529
3156	529
3155	529
3154	529
1982	529
3159	529
3158	529
1983	529
1980	529
1981	529
1260	529
2485	529
2482	6597
1266	529
1264	529
2481	6597
1247	529
568	529
569	529
2816	529
6628	529
6629	529
6626	529
6627	529
6624	529
6625	529
6622	529
6623	529
6620	529
6621	529
564	529
565	529
4714	529
4715	529
4716	3
4717	529
4710	529
4711	529
4712	529
2337	529
2338	529
2339	529
4718	529
4719	529
3715	529
3714	529
3717	529
3716	529
3711	529
3710	529
3713	529
3712	529
3719	529
3718	529
4909	529
4908	529
4679	529
4678	529
4901	529
4676	529
4903	529
4902	529
4905	529
2483	529
4671	529
4906	529
5148	529
5149	3
5146	529
5147	529
5144	529
5145	529
5142	529
5143	529
5140	529
5141	529
120	529
121	529
122	529
123	529
124	529
125	529
126	529
127	529
128	529
129	529
1188	6447
1189	529
1186	529
1187	6447
3375	529
3374	529
5421	529
3372	529
3371	529
3370	529
6820	529
6821	529
6822	529
6823	529
6824	529
6825	529
6826	529
6827	529
6828	529
6829	529
1997	529
3390	529
1519	529
1518	529
1515	529
1514	529
1517	529
1516	529
1511	529
1510	529
1513	529
1512	529
3394	529
3397	529
3396	529
263	3
262	3
261	3
260	3
267	3
266	3
265	3
264	3
269	3
268	3
6011	529
6010	529
6013	529
6012	529
6015	529
6014	529
6017	529
6016	529
6019	529
6018	529
988	529
989	529
982	529
983	3
980	529
981	529
986	529
987	529
984	529
985	529
1388	529
3508	529
3509	529
5089	529
5088	529
5083	529
5082	529
5081	529
5080	529
5087	529
5086	529
5085	3
5084	529
2671	529
2670	3
2673	529
2672	529
2675	529
2674	529
2677	529
2676	529
2679	529
2678	529
1209	529
2929	3
2928	2928
2921	529
2920	529
2923	529
2922	529
2925	529
2924	529
2927	2928
2926	529
5331	529
5330	529
5333	529
5332	529
5335	529
5334	529
5337	529
5336	529
1208	529
5338	529
3179	529
3178	529
2037	529
3171	529
3170	529
3173	529
3172	529
3175	529
3174	529
3177	529
3176	529
726	529
727	529
724	529
725	529
722	529
723	529
720	529
721	529
728	529
729	529
1164	3
1165	529
1166	529
1167	529
1160	529
1161	3
1162	3
1163	3
1168	529
1169	529
2035	529
1366	529
1367	529
2034	529
3194	529
476	529
2785	529
477	529
1713	529
474	529
1712	529
3190	529
1711	529
1381	529
1710	529
1717	529
1716	529
1715	529
5255	529
3199	529
1865	529
3198	529
5258	529
3729	529
5259	529
3724	529
3725	529
2918	529
4686	529
4687	529
1343	529
4684	3
4685	3
2919	529
4682	529
4683	529
4732	529
4733	529
4730	529
4731	529
4736	529
4737	529
4734	529
4735	529
2316	529
2317	529
4738	529
4739	529
2312	529
2313	529
2310	529
2311	529
5854	529
5855	529
5856	529
5857	529
5850	529
5851	529
5852	529
5853	529
5858	529
5859	529
3773	529
3772	529
3771	529
3770	529
3777	529
3776	529
3775	529
3774	529
3779	529
3778	529
4655	529
4654	529
4657	529
4656	529
4651	529
4650	529
4653	529
4652	529
4659	529
4658	529
406	529
108	529
109	529
102	529
103	529
100	529
101	529
106	529
107	529
104	529
105	529
5112	529
6204	529
6205	529
6206	529
6207	529
6200	529
6201	529
6202	529
6203	529
6208	529
6209	529
6808	529
6809	529
6806	529
6807	529
6804	529
6805	529
6802	529
6803	529
6800	529
6801	529
1759	529
1758	529
1757	529
1756	529
1755	529
1754	529
1753	529
1752	529
1751	529
1750	529
1285	529
1284	529
1287	529
1286	529
1281	529
1280	529
1283	529
1282	529
1289	529
1288	529
1579	529
1578	529
689	529
688	529
1573	529
684	529
1571	529
686	529
681	529
1576	529
683	529
1574	529
5629	529
5628	529
5627	529
5626	529
5625	529
5624	529
5623	529
5622	529
5621	529
5620	529
1242	529
5995	529
5994	529
5997	529
5996	529
5991	5991
5990	5991
5993	529
5992	529
5999	529
5998	529
1244	529
4677	529
6781	529
6780	529
6783	529
6782	529
6785	529
6784	529
6787	529
6786	529
6789	529
6788	529
245	529
244	3
247	3
246	3
241	529
240	529
243	529
242	529
249	3
248	3
2154	529
2155	529
3698	529
3699	529
3690	529
3691	529
3692	529
3693	529
3694	529
3695	529
3696	529
3697	529
3526	529
3527	529
3524	529
3525	529
3522	529
3523	529
3520	529
3521	3
1501	529
3528	266
3529	3
2699	529
2698	529
2697	529
2696	529
2695	529
2694	529
2693	529
2692	529
2691	529
2690	529
2151	529
4535	529
1142	529
1143	3
1140	3
1141	3
1146	3
1147	529
1144	529
1145	529
1148	3
1149	529
2967	529
2966	529
336	529
1745	529
7199	529
7198	529
7193	529
7192	529
7191	529
7190	529
7197	529
7196	529
7195	529
7194	529
6402	529
6403	529
2969	529
6400	529
2968	529
6401	529
6406	529
14	529
6404	6405
16	529
4282	529
4283	529
4280	529
4281	529
4286	529
4287	529
4284	529
4285	529
4288	529
4289	529
380	529
381	529
382	529
383	529
384	529
385	529
386	529
387	529
388	529
389	529
4758	529
4759	529
4750	529
4751	529
4752	529
4753	529
4754	529
4755	529
4756	529
4757	529
5872	529
5873	529
5870	529
5871	529
5876	529
5877	529
5874	3
5875	529
5878	529
5879	529
5377	529
3759	529
3758	529
1075	529
3751	529
1072	529
3753	529
3752	529
3755	529
3754	529
3757	529
3756	529
4633	529
4632	529
4631	529
4630	529
4637	529
4636	529
4635	529
4634	529
2198	529
2199	529
4639	529
4638	529
2046	529
2047	529
2044	529
2045	529
168	529
169	529
164	529
165	529
166	529
167	529
160	529
161	529
162	529
163	529
2040	529
2041	529
6194	529
6195	529
6196	529
6197	529
6190	529
6191	529
6192	529
6193	529
6198	529
6199	529
2734	3
2735	529
2736	529
2737	529
2730	529
2731	529
2732	3
2733	529
2738	3
2739	529
1106	529
7209	529
7208	529
7203	529
7202	529
7201	529
7200	529
7207	529
7206	529
7205	529
7204	529
6222	529
6223	529
6220	529
6221	529
6226	529
6227	529
6224	529
6225	529
6228	529
6229	529
809	529
808	529
803	529
802	529
801	529
800	529
807	529
806	529
805	529
804	529
5274	529
5275	529
5276	529
5277	529
5270	529
5271	529
1773	529
5273	529
5278	529
5279	529
1100	529
1551	529
1550	529
1553	529
1552	529
1555	529
1554	529
1557	529
1556	529
3034	529
3035	529
3036	529
3037	529
3030	529
3031	3
3032	529
3033	529
5605	529
5604	529
5607	529
5606	529
5601	529
5600	529
5603	529
5602	529
5609	529
5608	529
4690	529
6424	529
6425	529
6426	529
6427	529
6420	529
6421	529
6422	529
6423	529
6428	529
6429	529
6769	529
6768	529
6767	529
6766	529
6765	529
6764	529
6763	529
6762	3
6761	529
6760	529
229	529
228	529
227	529
226	529
225	529
224	529
223	529
222	529
221	529
220	529
2509	529
2508	529
2507	529
2506	529
2505	529
2504	529
2503	529
2502	529
2501	529
2500	529
5049	590
5048	529
5047	529
5046	529
5045	529
5044	529
5043	529
5042	529
5041	529
5040	529
1524	529
1525	529
1526	529
0	3
1527	529
1252	529
1521	529
5182	529
1522	529
3206	529
1523	529
3205	529
3204	529
1995	529
3202	529
3201	529
1624	529
5188	529
1128	3
1129	3
5189	529
1120	529
1121	529
1122	529
1123	3
1124	529
1125	3
1126	529
1127	529
2864	529
2865	529
2868	3
2869	3
4776	529
4777	529
4774	529
4775	529
4772	529
4773	529
4770	4770
4771	529
4778	529
4779	529
5818	529
5819	529
5810	529
5811	529
5812	529
5813	529
5814	529
5815	529
5816	529
5817	529
4619	529
4618	529
4611	529
4610	529
4613	529
4612	529
4615	529
4614	529
4617	529
4616	529
4880	3
4881	529
4882	529
146	529
5458	529
144	529
145	529
142	529
143	529
140	529
5459	529
2701	529
148	529
149	529
2703	529
754	529
4887	529
3342	529
1190	529
5452	529
2712	529
2713	529
2710	529
2711	529
2716	529
2717	529
2714	529
2715	529
3346	529
2718	529
2719	529
3347	529
7221	529
7220	529
7223	529
7222	529
7225	529
7224	529
7227	529
7226	529
7229	529
7228	529
3345	529
3090	3
6248	529
6249	6269
6240	529
6241	529
6242	529
6243	529
6244	529
6245	529
6246	529
6247	529
829	529
828	529
825	529
824	529
827	3
826	3
821	529
820	529
823	529
822	529
5252	529
5253	529
5250	529
5251	529
5256	529
5257	529
5254	529
1714	529
1719	529
1718	529
3018	529
3019	529
3012	529
3013	529
3010	529
3011	529
3016	529
3017	529
3014	529
3015	529
4189	529
4188	529
4181	529
4180	529
4183	529
4182	529
4185	529
4184	529
4187	529
4186	529
5663	529
5662	529
5661	529
5660	529
5667	529
5666	529
5665	529
5664	529
5669	529
5668	529
3197	529
3093	529
11	3
10	3
13	529
12	529
15	529
6407	529
17	529
6405	6405
19	529
18	529
6408	529
6409	529
3904	529
3905	529
3906	529
3907	529
3900	529
3901	529
3902	529
3903	529
3908	529
3909	529
6745	4695
6744	529
6747	529
6746	529
6741	529
6740	529
6743	3
6742	529
6749	529
6748	529
3192	529
201	529
200	529
203	529
202	529
205	529
204	529
207	529
206	529
209	529
208	529
3476	529
3477	529
3470	529
3471	529
3472	529
835	529
2747	529
3658	529
3659	529
3654	529
3655	529
3656	529
3657	529
3650	529
3651	529
3652	529
3653	529
2525	529
2524	529
2527	529
2526	529
2521	529
2520	529
2523	529
2522	529
2529	529
2528	529
5065	3
5064	3
5067	529
5066	3
5061	3
5060	3
5063	529
5062	3
5069	529
5068	529
4408	529
4409	529
4404	529
4405	529
4406	529
4407	529
4400	529
4401	529
4402	529
4403	529
928	529
929	529
920	529
921	529
922	529
923	529
924	529
925	529
926	529
927	529
5393	529
5392	529
5391	529
5390	529
5397	529
5396	529
5395	529
5394	529
5399	529
5398	529
784	529
785	529
786	529
787	529
780	529
781	529
782	529
783	529
788	529
789	529
407	529
7159	529
7158	529
7157	529
7156	529
7155	529
7154	529
7153	529
7152	529
7151	529
7150	529
1372	529
1375	529
1374	529
1377	529
400	529
20	529
2899	529
2898	529
2895	529
2894	529
2897	529
2896	529
2891	529
2890	529
2893	529
2892	529
1454	529
5245	529
1104	529
1105	529
1450	529
1103	529
1452	529
1453	529
1458	266
5247	529
1108	529
1109	529
5246	529
5241	529
5240	529
3737	529
5243	529
3736	529
5242	529
1896	529
1897	529
3733	529
1891	529
3731	529
1893	529
4923	3
2137	529
4921	529
4920	529
4798	529
4799	529
4794	529
4695	4695
4796	529
4797	529
4790	529
4791	529
4792	529
2133	529
5836	529
5837	529
5834	529
5835	529
5832	529
5833	529
5830	529
5831	529
4696	529
5838	529
5839	529
4	3
2778	529
2779	529
4899	529
4898	529
2770	529
2771	529
4891	3
4890	529
2774	529
2775	529
2776	529
2777	529
6266	529
6267	529
6264	529
6265	2972
6262	529
6263	529
6260	529
6261	529
6268	529
6269	6269
4900	529
847	529
846	529
845	3
844	3
843	3
3462	529
3461	529
3460	529
849	850
848	850
5238	529
5239	529
1731	529
5231	529
1733	529
5233	529
1735	6156
5235	529
1737	529
5237	529
2404	529
4907	529
3070	529
1594	529
3072	529
3073	529
1591	529
3075	529
3076	3
1592	529
3078	3
3079	3
1599	529
1598	529
2402	529
5649	529
5648	529
5641	529
5640	529
5643	529
5642	529
5645	529
5644	529
5647	529
5646	529
2401	529
4826	529
489	529
488	529
487	529
486	529
485	3
484	3
483	3
482	3
481	529
480	529
6468	529
6469	529
6460	529
6461	529
6462	529
6463	529
6464	529
6465	529
6466	529
6467	529
3922	529
3923	529
3920	3
3921	529
3926	529
3927	529
3924	529
3925	529
3928	529
3929	529
6723	6156
6722	529
6721	529
6720	529
6727	529
6726	529
6725	529
6724	529
6729	529
6728	529
6099	529
6098	529
6091	529
6090	529
6093	529
6092	529
6095	529
6094	529
6097	529
6096	529
3295	529
3678	529
3679	529
3672	529
3673	529
3670	529
3671	529
3676	529
3677	529
3674	529
3675	529
2543	529
2542	529
2541	529
2540	529
2547	529
2546	529
2545	529
2544	529
2549	529
2548	529
1456	529
1457	529
3297	3
1102	529
1451	529
5003	529
3581	529
3582	529
3583	529
3584	529
3585	529
3586	529
3587	529
3588	529
3589	529
5009	529
1101	529
3290	3
902	529
903	529
900	3
901	3
906	529
907	529
904	529
905	529
4422	529
4423	529
908	529
909	529
4426	529
4427	529
4424	529
1459	266
3292	3
7175	529
7174	529
7177	529
7176	529
7171	529
7170	529
7173	529
7172	529
7179	529
7178	529
719	529
2917	529
1696	529
1697	529
1694	529
1695	529
1692	529
1693	529
1690	529
1691	529
1698	529
1699	529
1472	529
1473	529
1470	529
1471	529
1476	529
1477	529
1474	529
1475	529
1478	529
1479	529
4228	529
4229	529
4224	3
4225	529
4226	529
4227	529
4220	529
4221	529
4222	529
4223	529
24	529
25	529
26	529
27	529
5582	529
21	529
22	529
23	529
28	529
29	529
5588	529
5589	529
5308	529
5309	529
5300	529
5301	529
5302	529
5303	529
5304	529
5305	529
5306	529
5307	529
2288	529
2289	529
2280	529
2281	529
2282	529
2283	529
2284	529
2285	529
2286	529
2287	529
4538	529
4539	529
4828	529
2056	529
4534	529
4827	529
4536	529
4825	529
4822	529
4823	529
4820	529
4795	529
4926	529
4533	529
6288	529
6289	529
6284	529
6285	529
6286	529
6287	529
6280	529
6281	529
6282	529
6283	529
182	529
183	529
180	529
181	529
186	529
187	529
184	529
185	529
188	529
189	529
4924	529
869	529
868	529
3449	529
3448	529
861	529
860	529
863	529
3446	529
3441	529
3440	529
867	529
866	529
2024	529
2025	529
2026	529
2027	529
2020	529
2021	529
2022	529
2751	529
2028	529
2029	529
2758	529
2759	529
5216	529
5217	529
5214	529
5215	529
5212	529
5213	529
5210	529
5211	529
5218	529
5219	529
4596	529
3058	529
3059	529
3056	529
3057	529
3054	529
3055	529
3052	529
3053	529
3050	529
3051	529
4597	529
4595	529
8	3
1317	529
1316	3
1315	3
1314	529
1313	529
1312	529
1311	529
1310	529
1319	529
1318	529
6914	3
6915	529
6916	529
6445	529
6442	529
6443	529
6912	529
6913	529
6918	6405
6919	529
6448	6447
6449	529
3304	529
3948	529
3949	529
3940	529
3941	529
3942	529
3943	529
3944	529
3945	529
3946	529
3947	529
6709	529
6708	529
6701	529
6700	529
6703	529
6702	529
6705	529
6704	529
6707	529
6706	529
3841	529
4057	529
4056	529
4055	3
4054	529
4053	529
4052	529
4051	529
4050	529
4059	529
4058	529
3843	3
3610	529
3611	529
3612	529
3613	529
3614	529
3615	529
3616	529
3617	529
3618	529
3619	529
3842	529
2569	529
2568	529
2140	529
2561	529
2560	529
2563	529
2562	529
2565	529
2564	529
2567	529
2566	529
3845	3
5029	529
5028	529
5021	529
5020	529
5023	529
5022	529
5025	529
5024	529
5027	529
5026	529
4440	3
4441	529
4442	529
4443	529
4444	529
4445	529
4446	529
4447	529
4448	529
4449	529
964	529
965	529
966	529
967	529
960	529
961	529
962	529
963	529
968	529
969	529
1537	529
1536	529
1535	529
3091	3
1245	529
3097	529
647	529
1246	529
1249	529
648	529
3236	529
3237	529
1618	529
1619	529
641	529
3966	529
1617	529
3238	529
1107	529
3239	529
1612	529
640	529
1961	529
7113	529
7112	529
7111	529
7110	529
7117	529
7116	529
7115	529
7114	529
7119	529
7118	529
3964	529
4499	529
1678	529
1679	529
1674	529
1675	529
1676	529
1677	529
1670	529
1671	266
1672	529
1673	529
3826	529
3965	529
4498	529
1534	529
645	529
3962	529
1418	529
1419	529
1410	529
1411	529
1412	529
1413	529
1414	529
1415	529
1416	529
1417	529
3963	529
4208	529
4209	529
4202	529
4203	529
4200	529
4201	529
4206	529
4207	529
4204	529
4205	529
5568	529
5569	529
5564	529
5565	529
5566	529
5567	529
5560	529
5561	529
5562	529
5563	529
646	529
308	529
309	529
300	529
301	529
302	529
303	529
304	529
305	529
306	529
307	529
2036	529
3820	529
4893	3
4892	529
2772	529
2773	529
4897	529
4896	529
4895	529
4894	529
470	529
6118	529
6119	529
6114	529
6115	529
6116	529
6117	529
6110	529
6111	529
6112	529
6113	529
3429	529
3428	529
3423	529
3422	529
3421	529
3420	529
3427	529
3426	529
3425	529
3424	529
2002	529
2003	529
2000	529
2001	529
4589	529
2007	529
4859	529
2005	529
4585	529
4584	529
4855	529
4854	529
4581	529
4580	3
4851	529
4850	529
1087	529
1086	529
1085	529
1084	529
1083	529
1082	529
1081	529
1080	529
1089	529
1088	529
449	529
448	529
1339	1340
1338	529
1335	529
1334	529
1337	529
1336	529
447	529
446	529
1333	529
1332	529
6932	529
6933	529
6930	529
6931	529
6936	529
6937	529
6934	529
6935	529
6938	529
6939	529
39	529
38	529
33	529
32	529
31	529
30	529
37	529
36	529
35	529
34	529
3467	529
3466	529
3465	529
3464	529
3463	529
842	529
4079	529
4078	529
4075	529
4074	529
4077	529
4076	529
4071	3
4070	529
4073	529
4072	529
5797	529
3967	529
5795	529
5794	529
5793	529
5792	529
5791	529
5790	812
3968	529
3969	529
3638	529
3639	529
3636	529
3637	529
3634	529
3635	529
3632	529
3633	529
3630	529
840	529
3469	3469
3468	529
4468	529
4469	529
4466	529
4467	529
4464	529
4465	529
4462	529
4463	529
4460	529
4461	529
948	529
949	529
946	529
947	529
944	529
945	529
942	529
943	529
940	529
941	529
6327	529
6326	529
6325	529
6324	529
6323	529
6322	529
6321	529
6320	529
6329	529
6328	529
6457	529
7139	529
7138	529
4793	529
7131	529
7130	529
7133	529
7132	529
7135	529
7134	529
7137	529
7136	529
1658	529
1659	529
1652	529
1653	529
1650	529
1651	529
1656	529
1657	529
1654	529
1389	529
586	529
1739	529
584	529
585	529
582	529
583	529
580	529
1738	529
588	3
589	590
2839	529
2838	529
2837	2858
2836	529
2835	529
2834	529
2833	529
2832	529
2831	529
2830	3
1436	529
1437	529
3393	529
3392	529
5403	529
1433	529
5401	529
5400	529
3399	529
1380	529
5409	529
1439	529
5230	529
1730	529
5232	529
4260	529
4261	529
4262	529
4263	529
4264	529
4265	529
4266	529
4267	529
4268	529
4269	529
1734	529
1887	529
5236	529
1886	529
1736	529
3700	529
5548	529
5549	529
5542	529
5543	529
5540	3
5541	529
5546	529
5547	529
5544	529
5545	529
3704	529
3705	529
2120	529
5890	529
5891	529
5892	529
5893	529
5894	529
5895	529
5896	529
5897	529
5898	529
5899	529
2124	529
4918	529
4862	529
4919	529
2129	529
4665	529
5453	529
4914	529
4915	529
4863	529
4912	529
4661	529
4910	529
4911	529
4860	529
322	529
323	529
320	529
321	529
326	529
327	529
324	529
325	529
328	529
329	529
1595	529
6138	529
6139	529
3071	529
6132	529
6133	529
6130	529
6131	529
6136	529
1597	529
6134	529
6135	529
1596	529
3074	529
1590	529
1593	529
3077	3
5176	529
2248	529
2249	529
2244	529
2245	529
2246	529
2247	529
2240	529
2241	529
2242	529
2243	529
5178	529
3401	529
3400	529
3403	529
3402	529
3405	529
3404	529
3407	529
3406	529
3409	529
3408	529
4875	529
4874	529
4877	529
4876	529
4871	529
4870	529
4873	529
4872	529
4879	529
4878	529
2068	529
2069	529
2798	529
2799	529
2792	529
2061	529
2790	529
2791	529
2796	529
2797	529
2794	529
2795	529
3257	529
7096	529
7097	3
7094	529
7095	529
7092	529
7093	529
7090	529
7091	529
7098	529
7099	529
4883	529
1359	529
1358	529
469	529
468	529
465	529
1352	529
467	529
1350	529
1357	529
460	529
1355	529
462	529
6958	529
6959	529
6488	529
6489	529
6482	529
6951	529
6480	529
6953	3
6486	529
6487	529
6484	529
6485	529
4885	529
3184	529
3185	529
3186	529
3187	529
3180	529
3181	529
3182	529
3183	529
3188	529
3189	529
4019	529
4018	529
4013	529
4012	590
4011	3
4010	529
4017	529
4016	529
4015	529
4014	529
3988	529
3989	529
3984	529
3985	529
3986	529
3987	529
3980	529
3981	529
3982	529
3983	3
5796	529
1111	529
1446	529
1113	529
289	3
288	529
1112	529
281	3
1115	529
283	3
282	3
285	3
284	3
287	529
1442	529
1441	529
1116	529
3430	529
1448	529
2477	3
2476	529
2475	529
2474	529
2473	529
2472	529
2471	529
2470	529
2479	3
2478	3
3432	529
1397	529
6309	529
6308	529
6305	529
6304	529
6307	529
6306	529
6301	529
6300	529
6303	529
6302	529
2907	529
2906	529
1986	529
3215	529
3216	529
1985	529
3210	529
3211	529
3212	529
3213	529
1638	529
1639	529
2904	529
3218	529
3219	529
1988	529
1989	529
2909	529
2815	529
2814	529
2817	529
2908	529
2811	529
2810	529
2813	529
2812	529
560	529
561	529
562	529
563	529
2819	529
2818	529
566	529
567	529
5429	529
5428	529
3379	529
3378	529
5425	529
3376	529
5427	529
5426	529
3373	529
5420	529
5423	529
5422	529
4248	529
4249	529
4246	529
4247	529
4244	529
4245	529
4242	529
4243	529
4240	529
4241	529
5520	3
5521	5521
5522	529
5523	529
5524	529
5525	529
5526	529
5527	5528
5528	5528
5529	529
48	529
49	529
46	529
47	529
44	529
45	529
42	529
43	529
40	529
41	529
4848	529
6547	529
6546	529
6545	529
6544	3
6543	529
6542	529
6541	529
6540	529
4849	529
6549	529
6548	529
344	529
345	529
346	529
347	529
340	529
341	529
342	529
343	529
348	529
349	529
6150	529
6151	529
6152	529
6153	529
6154	529
2132	529
6156	6156
6157	529
6158	529
6159	529
4527	529
4830	529
4525	529
4832	529
4523	529
4522	529
4521	529
4520	529
4784	529
2268	529
2269	529
2262	529
2263	529
2260	529
2261	529
2266	529
2267	529
2264	529
2265	529
4813	529
4812	529
4811	529
4810	529
4817	529
4816	529
4815	529
4814	529
4819	529
4818	529
2048	529
2049	529
1365	529
7078	529
7079	529
7074	529
7075	529
7076	529
7077	529
7070	529
7071	529
7072	529
7073	529
6976	529
6977	529
6974	529
6975	529
6972	529
6973	529
6970	529
6971	529
6978	529
6979	529
4389	529
4388	2535
4383	529
4382	529
4381	529
4380	529
4387	529
4386	529
4385	529
4384	529
1371	529
1370	529
1373	529
404	529
403	529
402	529
401	529
1376	529
1379	3
1378	529
409	529
408	529
4031	529
4030	529
4033	529
4032	529
4035	529
4034	529
4037	529
4036	529
4039	529
4038	529
2459	529
2458	529
2455	529
2454	529
2457	529
2456	529
2451	529
2450	529
2453	529
2452	529
1502	529
1503	529
1500	529
6369	529
6368	529
6363	529
6362	529
6361	529
6360	529
6367	529
6366	529
6365	529
6364	529
1504	529
1505	529
3087	3
3086	3
1977	529
3083	3
1600	529
659	529
3227	529
3226	529
1973	529
1972	529
3223	529
3222	529
3232	529
3233	529
3230	529
3231	529
5199	529
5198	529
3234	529
3235	529
5195	529
5194	529
1614	529
1615	529
1960	529
5190	529
5193	529
1963	529
2873	529
2872	529
2871	529
2870	529
2877	529
2876	529
2875	529
2874	529
2879	529
2878	529
3355	529
3354	529
3357	529
3356	529
3351	529
3350	529
3353	529
3352	529
3359	529
3358	529
5449	529
5448	529
5443	529
5442	529
5441	529
5440	529
5447	529
5446	529
5445	529
5444	529
5508	529
5509	529
5506	529
5507	529
5504	3
5505	529
5502	529
5503	529
5500	529
5501	529
542	529
543	529
540	529
541	529
546	529
547	529
544	529
545	529
548	529
549	529
6155	529
5137	529
5476	529
6569	529
6568	529
5477	529
6565	529
6564	529
6567	529
6566	529
6561	529
6560	529
6563	529
6562	529
5475	529
5472	529
5473	529
3827	529
3580	529
3825	529
3824	529
3823	529
3822	529
3821	529
5002	3
5471	529
5001	529
3829	529
3828	529
5000	529
5007	3
5135	529
5006	3
5005	529
5004	529
368	529
369	529
366	529
367	529
364	529
365	529
362	529
363	529
360	529
361	529
5008	529
6178	529
6179	529
6176	529
6177	529
6174	529
6175	529
6172	529
6173	529
6170	529
6171	529
5132	529
3217	529
2200	529
2201	529
2202	529
2203	529
2204	529
2205	529
2206	529
2207	529
2208	529
2209	529
5130	529
4428	529
4429	529
4839	529
4838	529
4529	529
4528	529
4831	529
4526	529
4833	529
4524	529
4835	529
4834	529
4837	529
4836	529
4420	529
4421	529
5298	529
5299	529
5296	529
5297	529
5294	529
5295	529
5292	529
5293	529
5290	529
5291	529
4425	529
4987	529
5510	529
7058	529
7059	529
7052	529
7053	529
7050	529
7051	529
7056	529
7057	529
7054	529
7055	529
5516	529
6998	529
6999	529
4913	529
6994	529
6995	6405
6996	529
6997	529
6990	3817
6991	529
6992	529
6993	529
2998	529
2999	529
59	529
58	529
55	529
54	529
57	529
56	529
51	529
50	529
53	529
52	529
2990	529
2991	529
1940	529
2992	529
2993	529
2994	529
2995	529
2996	529
2997	529
429	529
428	529
1399	529
1398	529
421	529
420	529
423	529
422	529
425	529
424	529
427	529
426	529
854	529
855	529
856	529
857	529
850	850
851	529
852	529
853	529
1422	529
1425	529
3474	529
2330	529
1424	529
2331	529
3475	529
2332	529
5474	529
2333	529
2334	529
2335	529
2336	529
4713	529
6699	529
6698	529
6693	529
6692	529
6691	529
6690	529
6697	529
6696	3
6695	529
6694	529
2439	529
2438	529
2433	529
2432	3
2431	529
2430	529
2437	529
2436	529
2435	529
2434	529
6341	529
6340	529
6343	2972
6342	529
6345	2972
6344	1340
6347	529
6346	2972
6349	529
6348	529
5470	529
3782	529
3783	529
1805	529
3781	529
1803	529
3787	529
3784	529
1800	529
3788	529
3789	529
1809	529
1808	529
4996	529
4997	529
4994	529
4995	529
4992	529
4993	529
4990	529
6511	529
4998	529
4999	529
1547	529
6517	529
3258	529
3259	529
1948	3
1949	529
1942	529
1943	529
3252	529
1941	529
1946	3
1947	3
3256	529
1945	529
2859	2858
2858	2858
2851	529
2850	529
2853	529
2852	529
2855	529
2854	529
2857	2856
2856	2856
5461	529
1491	529
5463	529
5462	529
5465	529
5464	529
5467	529
1497	529
1498	529
1499	529
3339	3
1968	529
1395	529
1394	529
1393	529
1392	529
1391	529
1969	529
1390	529
524	529
525	529
526	529
527	529
520	529
521	529
522	529
523	529
528	529
529	529
1234	529
1235	529
1236	529
1237	529
1230	529
1231	529
1232	529
1233	529
1238	529
1239	529
1964	529
6509	529
6508	529
2488	529
6503	529
6502	529
6501	529
6500	529
6507	529
6506	529
6505	529
6504	529
2486	529
2487	529
4675	529
4674	529
3809	529
3808	529
3805	529
4673	529
3807	529
3806	529
3801	529
3800	529
3803	529
4904	529
2480	6597
4670	529
1967	529
4174	529
4175	3
4176	529
4177	529
4170	529
4171	529
4172	529
4173	529
4178	529
4179	529
1962	529
2228	529
2229	529
2226	529
2227	529
2224	529
2225	529
2222	529
2223	529
2220	529
2221	529
1	3
5925	529
5926	529
5927	529
5920	529
5921	529
5922	529
5923	529
5928	529
5929	529
4505	529
4504	529
4507	529
4506	529
4501	529
4500	529
4503	529
4502	529
4509	529
4508	529
2088	529
2089	529
2082	529
2083	529
2080	529
2081	529
2086	529
2087	529
2084	529
2085	529
7030	529
7031	529
7032	529
7033	529
7034	529
7035	529
7036	529
7037	529
7038	529
7039	529
1009	529
1008	529
1007	529
1006	529
1005	529
1004	529
1003	529
1002	529
1001	529
1000	529
4349	529
4348	529
4347	529
4346	529
4345	529
4344	529
4343	529
4342	529
4341	529
4340	529
5719	529
5718	529
5717	529
5716	529
5715	529
5714	529
5713	529
5712	529
5711	529
5710	529
3305	529
5090	529
3574	529
5092	529
5093	529
5094	529
5095	529
5096	529
5097	529
4497	529
4496	529
4495	529
4494	529
4493	529
4492	529
4491	529
4490	529
1829	529
1828	529
1825	529
1824	529
1827	529
1826	529
1821	529
1820	529
1823	529
1822	529
2411	529
2410	529
2145	529
2144	529
2143	529
2142	529
2141	529
2416	529
2419	529
2418	529
4976	529
4977	3
4970	529
4971	529
2149	529
4973	529
3311	529
3276	529
3277	3
1922	529
1923	529
1924	529
3273	529
1926	529
1927	529
1928	529
1929	529
3278	3
3279	3
5586	529
5587	529
5584	529
3319	529
3318	529
5585	529
4586	529
5488	529
5487	529
5486	529
5485	529
5484	529
5483	529
5482	529
5481	529
5480	529
5580	3
5581	529
60	529
61	529
62	529
63	529
64	529
65	529
66	529
67	529
68	529
69	529
508	3
509	529
506	529
507	529
504	529
505	529
502	529
503	529
500	529
501	529
630	529
631	529
632	529
1211	529
634	529
635	529
1214	529
1215	529
638	529
639	529
1218	529
1219	529
6521	529
6520	529
6523	529
6522	529
6525	529
6524	529
6527	529
6526	529
6529	529
6528	529
3869	529
3868	529
3863	529
3862	529
3861	529
3860	529
3867	529
3866	529
3865	529
3864	529
4152	529
4153	529
4150	529
4151	529
4156	529
4157	529
4154	529
4155	529
4158	529
4159	529
5902	529
5903	529
5900	529
5901	529
5906	4695
5907	529
5904	529
5905	529
5908	529
5909	529
3489	529
3488	529
3481	529
3480	529
3483	529
3482	529
3485	529
3484	529
3487	3469
3486	529
4563	529
4562	529
4561	529
4560	529
4567	529
4566	529
4565	529
4564	529
4569	529
4568	529
6064	529
6065	529
6066	529
6067	529
6060	529
6061	529
6062	529
6063	529
6068	529
6069	529
2604	529
2605	529
2606	529
5450	529
2600	850
2601	529
2602	529
2603	529
2608	529
2609	529
7018	529
7019	529
7016	529
7017	529
7014	529
7015	529
7012	529
7013	529
7010	529
7011	529
732	529
5454	529
753	529
752	529
751	529
750	529
757	529
756	529
755	529
1806	529
759	529
758	529
3780	529
1804	529
2958	529
2959	529
738	3
2954	529
5455	529
2956	529
2957	529
2950	529
2951	529
2952	529
2953	529
1025	529
5345	529
5346	3
1026	529
1021	529
1020	529
1023	529
5343	529
3785	529
5348	529
5349	529
5456	529
4365	529
4364	529
4367	529
4366	529
4361	529
4360	529
4363	529
4362	529
4369	529
4368	529
5457	529
3108	529
3109	529
3104	529
3105	529
3106	529
3107	529
3100	529
3101	529
3102	529
3103	529
5	3
4093	529
4092	529
4091	529
4090	529
4097	529
4096	529
4095	529
4094	3
4099	529
4991	4991
5735	529
5734	529
5737	529
5736	529
5731	529
5730	529
5733	529
5732	529
5739	529
5738	529
1563	529
1564	529
1565	529
6659	3
6658	529
6657	529
6656	529
6655	529
6654	529
6653	529
6652	529
6651	529
6650	529
2125	529
6385	529
6384	529
6387	529
6386	529
6381	529
6380	529
6383	529
6382	529
6389	529
6388	529
2381	529
2380	529
2383	529
2382	529
2385	529
2384	529
2387	529
2386	529
2389	529
2388	529
1849	529
1848	529
1843	529
1842	529
1841	529
1840	529
1847	529
1846	529
1845	529
1844	529
3250	529
4958	529
4959	529
2169	529
2168	529
3251	529
2165	529
2164	529
2167	529
2166	529
4956	529
2160	3
2163	529
2162	529
3253	529
3254	529
3255	529
3298	3
1944	529
1908	529
1909	529
3294	529
1907	529
3296	529
5134	529
1902	529
1903	529
1900	3
3293	529
1732	529
2573	529
6891	5521
6890	529
6893	529
6892	529
6895	529
6894	529
6897	529
6896	529
6899	529
6898	529
5234	529
1278	529
1279	529
618	3
619	3
2042	529
612	529
613	529
610	529
1273	529
616	529
1275	529
614	3
615	529
1490	529
2043	529
5460	529
1492	529
1493	529
1494	529
1495	529
1496	529
5466	529
5469	529
5468	529
3338	529
3595	529
5039	529
3599	529
3598	529
4138	529
4139	529
5375	529
4130	529
4131	529
4132	529
4133	529
4134	529
4135	529
4136	529
4137	529
5692	529
5693	529
5690	529
5691	529
5696	529
5697	529
5694	529
5695	529
3849	3
3848	3
5698	529
5699	529
1077	529
5968	529
5969	529
5960	529
5961	529
5962	529
5963	529
5964	529
5965	529
5966	529
5967	5521
4549	529
4548	529
4541	529
4540	529
4543	529
4542	529
4545	529
4544	529
4547	529
4546	529
1073	529
2594	529
2595	529
2596	850
2597	529
2590	529
2591	529
2592	529
2593	529
2598	529
2599	850
1070	529
6042	529
6043	529
6040	529
6041	529
6046	529
6047	529
6044	529
6045	529
5372	529
6048	529
6049	529
2622	529
2623	529
2620	529
2621	529
2626	529
2627	529
2624	529
2625	529
2628	529
2629	529
775	529
774	529
777	529
776	529
771	529
770	529
773	529
772	529
779	529
778	529
77	529
76	529
2978	529
2979	529
73	529
72	529
71	529
70	529
2972	529
2973	529
2970	529
2971	529
2976	529
2977	529
2974	1340
2975	529
1043	3
1042	529
5360	529
1040	529
5366	529
5367	529
5364	529
5365	529
5368	529
5369	529
1506	529
4303	529
4302	529
4301	529
4300	529
4307	529
4306	529
4305	529
4304	529
841	529
4309	529
4308	529
1507	529
3128	529
3129	529
3122	529
3123	529
3120	529
3121	529
3126	529
3127	529
3124	529
3125	529
5753	529
5752	529
5751	529
5750	529
5757	529
5756	529
5755	529
5754	529
5759	529
5758	529
3445	529
4609	529
3444	529
3447	529
862	529
865	529
864	529
3443	529
3442	529
2756	529
2757	529
2754	529
2755	529
2752	529
2753	529
4707	529
2750	529
4706	529
2023	529
4604	529
4705	529
6675	529
6674	529
6677	529
6676	529
6671	529
6670	529
6673	529
6672	529
4703	529
6679	529
6678	529
4702	529
2325	529
4700	529
5197	529
4801	529
5196	529
2369	529
2368	529
2367	529
2366	529
2365	529
2364	529
2363	529
2362	529
2361	529
2360	529
5191	529
1861	529
1860	529
1863	529
1862	529
3728	529
1864	529
1867	529
1866	529
1869	529
1868	529
3726	529
3727	529
3720	529
3721	529
3722	529
3723	529
4930	529
4931	529
4932	529
4933	529
4934	529
4935	529
4936	529
4681	529
4938	529
1613	529
4688	529
4689	529
2109	529
2108	529
2103	529
2102	529
2101	529
2100	529
2107	529
2106	529
2105	529
2104	529
5115	529
5114	529
5117	529
5116	529
5111	529
5110	529
5113	529
1610	529
5119	529
5118	529
1611	529
9	3
890	529
891	529
892	3
893	529
894	529
895	529
896	529
897	3
898	529
899	529
1788	529
1789	529
1780	529
1781	529
1782	529
1783	529
1784	529
1785	529
1786	529
1787	529
6879	529
6878	529
6877	529
6876	529
6875	529
6874	529
6873	529
6872	529
6871	529
6870	529
3804	529
678	529
679	529
674	529
675	529
676	529
677	529
670	529
671	529
672	529
673	529
4649	529
3802	3
4642	529
4643	529
4640	529
4641	529
4646	529
1965	529
4647	529
4644	529
4645	529
1256	529
1257	529
1254	529
1255	529
1520	529
1253	529
1250	529
1251	529
1528	529
1529	529
1258	529
1259	529
4116	529
4117	529
4114	529
4115	529
4112	529
4113	529
4110	529
4111	529
4118	529
4119	529
3343	529
7103	529
3340	529
7109	529
3341	529
5946	529
5947	529
5944	529
5945	529
5942	529
5943	529
5940	529
5941	529
5948	529
5949	529
1602	529
3344	529
141	529
6028	529
6029	529
6020	529
6021	529
6022	529
6023	529
6024	529
6025	529
6026	529
6027	529
2648	529
2649	529
2640	529
2641	529
2642	529
2643	529
2644	529
2645	529
2646	529
2647	529
6955	529
3557	529
3556	529
3555	3
3554	529
3553	529
3552	529
3551	529
3550	529
3559	529
3558	529
2910	529
2911	529
2912	529
2913	529
2914	529
2915	529
2916	529
718	529
717	529
716	529
715	529
714	529
713	529
712	529
711	529
710	529
1069	3
1068	3
1061	529
1060	3
1063	3
1062	529
1065	3
1064	3
1067	529
1066	529
6956	529
4329	529
4328	529
4321	529
4320	529
4323	529
4322	529
4325	529
4324	529
4327	529
4326	529
3140	529
3141	529
3142	529
3143	529
3144	529
3145	529
3146	529
3147	529
3148	529
3149	529
1630	529
5779	529
5778	529
5771	529
5770	529
5773	529
5772	529
5775	529
5774	529
5777	529
5776	529
1632	529
1633	529
1634	529
6613	529
6612	529
6611	529
6610	529
6617	529
6616	529
6615	529
6614	529
6619	529
6618	529
3500	529
1636	529
3501	529
3502	529
3503	529
3504	529
3505	529
1637	529
3506	529
3507	529
2345	529
2344	529
2347	529
2346	529
2341	529
2340	529
2343	529
2342	529
2349	529
2348	529
2067	529
3708	3
3709	3
1889	529
1888	529
3702	529
3703	529
1885	529
3701	529
3706	529
3707	529
1881	529
1880	529
2121	529
6446	529
2123	529
2122	529
4668	3
4669	529
2127	529
2126	529
4664	529
2128	3
4666	529
4667	529
4660	529
6444	529
4662	529
4663	529
6917	529
6910	529
6911	529
5173	529
5172	529
5171	529
5170	2928
5177	529
6440	529
5175	3
5174	529
5179	529
6441	529
133	529
132	529
131	529
130	529
137	529
136	529
135	529
134	529
139	529
138	529
5924	529
6855	529
6854	529
6857	529
6856	529
6851	529
6850	529
6853	529
6852	529
6859	529
6858	529
5339	529
88	529
89	529
82	529
83	529
80	529
81	529
86	529
87	3
84	529
85	3
6583	3
6582	529
6581	529
6580	529
6587	529
6586	529
6585	529
6584	529
6589	529
6588	529
3368	529
656	529
657	529
654	529
655	529
652	529
653	529
650	529
651	529
3085	3
3084	529
1508	529
1509	529
3081	3
3080	3
658	529
3082	3
3369	529
3885	529
3884	529
3887	529
3886	529
3881	529
3880	529
3883	529
3882	529
3889	529
3888	529
2484	529
1884	529
1883	529
7123	529
1882	529
3960	3
6006	529
6007	529
6004	529
6005	529
6002	529
6003	3817
6000	529
6001	529
6008	529
6009	529
995	529
994	529
997	529
996	529
991	529
990	529
993	529
992	529
999	529
998	529
5098	529
5099	529
3579	529
3578	529
3575	529
5091	3
3577	529
3576	529
3571	529
3570	529
3573	529
3572	529
2666	529
2667	529
2664	529
2665	3
2662	3
2663	3
2660	3
2661	529
2668	3
2669	529
2938	529
2939	529
2936	529
2937	529
2934	529
2935	529
2932	529
2933	529
2930	529
2931	529
5326	529
5327	529
5324	529
5325	529
5322	529
5323	529
5320	1340
5321	529
3799	529
5328	529
1837	3
1396	529
1743	529
3797	529
1839	529
2161	3
3168	529
3169	529
3166	529
3167	529
3164	529
3165	3
3162	529
3163	3
3160	529
3161	529
2406	529
2407	529
4983	529
731	529
730	529
733	529
4982	3
735	529
734	529
737	3
736	529
739	3
2150	529
2403	529
2400	529
4986	529
2006	529
6639	529
6638	529
6631	529
6630	529
6633	529
6632	529
6635	529
6634	529
6637	529
6636	529
2008	529
2323	529
2322	529
2321	529
2320	529
2327	529
2326	529
4701	3
2324	529
2329	529
2328	529
4709	529
4708	529
3760	529
3761	529
3762	3
3763	529
3764	529
3765	529
3766	529
3767	529
3768	529
3769	529
1560	529
1792	529
1561	529
1616	529
286	3
1562	529
2499	529
2498	529
4648	529
1291	529
2491	529
2490	529
2493	529
2492	529
2495	529
2494	529
2497	529
2496	529
1566	529
1567	529
5159	529
5158	529
5151	529
5150	529
5153	529
5152	529
5155	529
5154	529
5157	529
5156	529
115	529
114	529
117	529
116	529
111	529
110	529
113	529
112	529
3244	529
119	529
118	529
1330	529
6833	529
6832	529
6831	529
6830	529
6837	3
6836	529
6835	529
6834	529
6839	529
6838	3
1748	529
1749	529
1744	529
5498	529
1746	529
1747	529
1740	529
1741	529
1742	529
5499	529
3308	529
3309	529
5494	529
5495	529
5496	529
1802	529
5497	529
5490	529
5491	529
1568	529
1569	529
1298	529
1299	529
5492	529
1292	529
1293	529
1290	529
5493	529
1296	529
1297	529
1294	529
1295	529
5638	529
5639	529
5634	529
5635	529
5636	529
5637	529
5630	529
5631	529
5632	529
5633	529
