26
0.00799881681662
5988	1947
5989	1947
5982	1947
5983	1947
5980	1947
5981	1947
5986	1947
5987	1947
5984	1947
5985	1947
6796	1947
6797	1947
6794	1947
6795	1947
6792	1947
6793	1947
6790	1947
6791	1947
6798	1947
6799	1947
2147	1947
270	1947
271	1947
272	1947
273	1947
274	1947
275	1947
276	1947
277	1947
278	1947
279	1947
2146	1947
3282	1947
3519	1947
3518	1947
3513	1947
3512	1947
3511	1947
3510	1947
3517	1947
3516	1947
3515	1947
3514	1947
2688	1947
2689	1947
2684	1947
2685	1947
2686	1947
2687	1947
2680	1947
2681	1947
2682	1947
2683	1947
99	1947
98	1947
91	1947
90	1947
93	1947
92	1947
95	1947
94	1947
97	1947
96	1947
1177	1947
1176	1947
1175	1947
1174	1947
1173	1947
1172	1947
1171	1947
1170	1947
1179	1947
1178	1947
7188	1947
7189	1947
877	1947
7180	1947
7181	1947
7182	1947
7183	1947
7184	1947
7185	1947
7186	1947
7187	1947
623	1947
3433	1947
622	1947
3434	1947
1225	1947
873	1947
620	1947
870	1947
627	1947
871	1947
626	1947
2741	1947
625	1947
4593	1947
624	1947
4590	1947
4591	1947
2033	1947
2032	1947
4594	1947
2746	1947
4844	1947
4845	1947
4846	1947
4847	1947
2318	1947
2319	1947
2039	1947
2038	1947
2314	1947
2315	1947
393	1947
392	1947
391	1947
390	1947
397	1947
396	1947
395	1947
394	1947
399	1947
398	1947
2309	1947
2308	1947
4729	1947
4728	1947
4725	1947
4724	1947
4727	1947
4726	1947
4721	1947
4720	1947
4723	1947
4722	1947
5847	1947
5846	1947
5845	1947
5844	1947
5843	1947
5842	1947
5841	1947
5840	1947
5849	1947
5848	1947
3748	1947
3749	1947
3746	1947
3747	1947
3744	1947
3745	1947
3742	1947
3743	1947
3740	1947
3741	1947
4620	1947
4621	1947
4622	1947
4623	1947
4624	1947
4625	1947
4626	1947
4627	1947
4628	1947
4629	1947
179	1947
178	1947
177	1947
176	1947
175	1947
174	1947
173	1947
172	1947
171	1947
170	1947
7218	1947
7219	1947
7210	1947
7211	1947
7212	1947
7213	1947
7214	1947
7215	1947
7216	4662
7217	1947
6217	1947
6216	1947
6215	1947
6214	1947
6213	1947
6212	1947
6211	1947
6210	1947
6219	1947
6218	1947
6819	1947
6818	1947
6811	1947
6810	1947
6813	1947
6812	1947
6815	1947
6814	1947
6817	1947
6816	1947
1601	1947
1768	1947
1769	1947
1762	1947
1763	1947
1760	1947
1761	1947
1766	1947
1767	1947
1764	1947
1765	1947
1546	1947
693	1947
690	1947
691	1947
696	1947
697	1947
694	1947
695	1947
698	1947
699	1947
1548	1947
1549	1947
5618	1947
5619	1947
5612	1947
5613	1947
5610	1947
5611	1947
5616	1947
5617	1947
5614	1947
5615	1947
6778	1947
6779	1947
6774	1947
6775	1947
6776	1947
6777	1947
6770	1947
6771	1947
6772	1947
6773	1947
258	1947
259	1947
252	1947
253	1947
250	1947
251	1947
256	1947
257	1947
254	1947
255	1947
3689	1947
3688	1947
3683	1947
3682	1947
3681	1947
3680	1947
3687	1947
3686	1947
3685	1947
3684	1947
2518	1947
2519	1947
2514	1947
2515	1947
2516	1947
2517	1947
2510	1947
2511	1947
2512	1947
2513	1947
3531	1947
3530	1947
3533	1947
3532	1947
5058	1947
5059	1947
3537	1947
3536	1947
3539	1947
5055	1947
5056	1947
5057	1947
5050	590
5051	590
5052	1947
5053	1947
1159	1947
1158	1947
1155	1947
1154	1947
1157	1947
1156	1947
1151	1947
1150	1947
1153	1947
1152	1947
4299	1947
4298	1947
4295	1947
4294	1947
4297	1947
4296	1947
4291	1947
4290	1947
4293	1947
4292	1947
4749	1947
4748	1947
4743	1947
4742	1947
4741	1947
4740	1947
4747	1947
4746	1947
4745	1947
4744	1947
5869	1947
5868	1947
5865	1947
5864	1947
5867	1947
5866	1947
5861	5861
5860	1947
5863	1947
5862	1947
2183	1947
2182	1947
2181	1947
2180	1947
2187	1947
2186	1947
2185	1947
2184	1947
4606	1947
4607	1947
2189	1947
2188	1947
4602	1947
4603	1947
4600	1947
4601	1947
6907	1947
6906	1947
6453	1947
6452	1947
6455	1947
6902	1947
151	1947
150	1947
153	1947
152	1947
155	1947
154	1947
157	1947
156	1947
159	1947
158	1947
6900	1947
6187	1947
6186	1947
6185	1947
6184	1947
6183	1947
6182	1947
6181	1947
6180	1947
6954	1947
6189	1947
6188	1947
2727	1947
2726	1947
2725	1947
2724	1947
2723	1947
2722	1947
2721	1947
2720	1947
2729	1947
2728	1947
7234	1947
7235	1947
7232	1947
7233	1947
7230	1947
7231	1947
692	1947
6239	1947
6238	1947
3089	1947
6235	1947
6234	1947
6237	1947
6236	1947
6231	1947
6230	1947
6233	1947
6232	1947
3088	1947
818	812
819	1947
810	1947
811	1947
812	812
813	812
814	1947
815	812
816	1947
817	812
1700	1947
1701	1947
5265	1947
5264	1947
1704	1947
1705	1947
1706	1947
1707	1947
1708	1947
1709	1947
2097	1947
5269	1947
5268	1947
2096	1947
4574	1947
4575	1947
2093	1947
4577	1947
3959	1947
3029	1947
3028	1947
3027	1947
3026	1947
3025	1947
3024	1947
3023	1947
3022	1947
3021	1947
3020	1947
4198	1947
4199	1947
4196	1947
4197	1947
4194	1947
4195	1947
4192	1947
4193	1947
4190	1947
4191	1947
5670	1947
5671	1947
5672	1947
5673	1947
5674	1947
5675	1947
5676	1947
5677	1947
5678	1947
5679	1947
473	1947
6437	1947
6436	1947
6435	1947
6434	1947
6433	1947
6432	1947
6431	1947
6430	1947
6439	1947
6438	1947
6758	1947
6759	1947
6752	1947
6753	1947
6750	1947
6751	1947
6756	1947
6757	1947
6754	1947
6755	1947
238	1947
239	1947
234	1947
235	1947
236	1947
237	1947
230	1947
231	1947
232	1947
233	1947
4680	1947
2538	1947
2539	1947
2532	1947
2533	1947
2530	1947
2531	1947
2536	1947
2537	1947
2534	4388
2535	4388
5078	1947
5079	1947
5072	1947
5073	1947
5070	1947
5071	1947
5076	1947
5077	1947
5074	1947
5075	1947
939	1947
938	1947
933	1947
932	1947
931	1947
930	1947
937	1947
936	1947
935	1947
934	1947
5380	1947
5381	1947
5382	1947
5383	1947
5384	1947
5385	1947
5386	1947
5387	1947
5388	1947
5389	1947
797	1947
796	1947
795	1947
794	1947
793	1947
792	1947
791	1947
790	1947
2413	1947
799	1947
798	1947
2412	1947
2415	1947
2414	1947
1139	1947
1138	1947
2417	1947
1133	1947
1132	1947
1131	1947
1130	1947
1137	1947
1136	1947
1135	1947
1134	1947
4974	1947
4975	1947
7148	1947
7149	1947
7144	1947
7145	1947
7146	1947
7147	1947
7140	1947
7141	1947
7142	1947
7143	1947
4972	1947
2148	1947
2882	1947
2883	1947
2880	1947
2881	1947
2886	1947
2887	1947
2884	1947
2885	1947
2888	1947
2889	1947
2	1947
1920	1947
1921	1947
3274	1947
3275	1947
3272	1947
3310	1947
1925	1947
3270	1947
3271	1947
4761	1947
4760	1947
4763	1947
4762	1947
4765	1947
4764	1947
4767	1947
4766	1947
4769	779
4768	1947
5809	1947
5808	1947
5803	1947
5802	1947
5801	1947
5800	1947
5807	1947
5806	1947
5805	1947
5804	1947
685	1947
1572	1947
687	1947
1570	1947
1577	1947
680	1947
1575	1947
682	1947
3313	1947
4888	1947
4889	1947
2709	1947
2708	1947
2705	1947
2704	1947
2707	1947
2706	1947
4884	1947
2700	1947
4886	1947
2702	1947
6259	1947
6258	1947
6253	1947
6252	1947
6251	1947
6250	5514
6257	1947
6256	1947
6255	1947
6254	1947
475	1947
832	1947
833	1947
830	1947
831	1947
836	1947
837	1947
834	1947
3473	1947
838	1947
839	1947
3478	1947
3479	1947
5249	1947
5248	1947
1728	1947
1729	1947
1726	1947
5244	1947
1724	1947
1725	1947
1722	1947
1723	1947
1720	1947
1721	1947
5489	1947
3005	1947
3004	1947
3007	1947
3006	1947
3001	1947
3000	1947
3003	1947
3002	1947
3009	1947
3008	1947
1588	1947
1589	1947
1582	1947
1583	1947
1580	1947
1581	1947
1586	1947
1587	1947
1584	1947
1585	1947
3317	1947
3316	1947
1635	1947
5658	1947
5659	1947
5656	1947
5657	1947
5654	1947
5655	1947
5652	1947
5653	1947
5650	1947
5651	1947
6419	1947
6418	1947
6415	1947
6414	1947
6417	1947
6416	1947
6411	1947
6410	1947
6413	1947
6412	1947
3917	1947
3916	1947
3915	1947
3914	1947
3913	1947
3912	1947
3911	1947
3910	1947
3919	1947
3918	1947
6730	1947
6731	1947
6732	1947
6733	1947
6734	1947
6735	1947
6736	1947
6737	1947
6738	1947
6739	1947
216	1947
217	1947
214	1947
215	1947
212	1947
213	1947
210	1947
211	1947
218	1947
219	1947
6088	1947
6089	1947
6086	1947
6087	1947
6084	1947
6085	1947
6082	1947
6083	1947
6080	1947
6081	1947
3649	1947
3648	1947
3647	1947
3646	1947
3645	1947
3644	1947
3643	1947
3642	1947
3641	1947
3640	1947
2550	1947
2551	1947
2552	1947
2553	1947
2554	1947
2555	1947
2556	1947
2557	1947
2558	1947
2559	1947
5010	1947
5011	1947
5012	1947
5013	1947
5014	1947
5015	1947
5016	1947
5017	1947
5018	1947
5019	1947
4419	1947
4418	1947
4417	1947
4416	1947
4415	1947
4414	1947
4413	1947
4412	1947
4411	1947
4410	1947
919	1947
918	1947
915	1947
914	1947
917	1947
916	1947
911	1947
910	1947
913	1947
912	1947
7168	1947
7169	1947
7162	1947
7163	1947
7160	1947
7161	1947
7166	1947
7167	1947
7164	1947
7165	1947
1212	1947
1807	1947
1213	1947
1210	1947
633	1947
1605	1947
1216	1947
1217	1947
636	1947
637	1947
1447	1947
1110	1947
1445	1947
1444	1947
1443	1947
1114	1947
1117	1947
1440	1947
1119	1947
1118	1947
1449	1947
4588	1947
2004	1947
4858	1947
4857	1947
4856	1947
4587	1947
2009	1947
4853	1947
4852	1947
2301	1947
4583	1947
2300	1947
4582	1947
2303	1947
2302	1947
2305	1947
2304	1947
2307	1947
4789	1947
4788	1947
4787	1947
4786	1947
4785	1947
2306	1947
4783	1947
4782	1947
4781	1947
4780	1947
5821	1947
5820	1947
5823	1947
5822	1947
5825	1947
5824	1947
5827	1947
5826	1947
5829	1947
5828	1947
1801	1947
1182	1947
199	1947
198	1947
195	1947
194	1947
197	1947
196	1947
191	1947
190	1947
193	1947
192	1947
2769	1947
2768	1947
2763	1947
2762	1947
2761	1947
2760	1947
2767	1947
2766	1947
2765	1947
2764	1947
6271	1947
6270	1947
6273	1947
6272	1947
6275	1947
6274	1947
6277	1947
6276	1947
6279	1947
6278	1947
1183	1947
4916	1947
3452	1947
3453	1947
3450	1947
3451	1947
3456	1947
3457	1947
3454	1947
3455	1947
3458	1947
3459	1947
858	1947
859	1947
6	1947
5229	1947
5228	1947
5223	1947
5222	1947
5221	1947
5220	1947
5227	1947
5226	1947
5225	1947
5224	1947
3063	1947
3062	1947
3061	1947
3060	1947
3067	1947
3066	1947
3065	1947
3064	1947
3069	1947
3068	1947
1304	1947
1305	1947
1306	1947
1307	1947
1300	1947
1301	1947
1302	1947
1303	1947
1308	1947
1309	1947
498	1947
499	1947
494	1947
495	1947
496	1947
497	1947
490	1947
491	1947
492	1947
493	1947
6479	1947
6478	1947
6473	1947
6472	1947
6471	1947
6470	1947
6477	1947
6476	1947
6475	1947
6474	1947
3939	1947
3938	1947
3935	1947
3934	1947
3937	1947
3936	1947
3931	1947
3930	1947
3933	1947
3932	1947
1241	1947
6718	1947
6719	1947
6716	1947
6717	1947
6714	1947
6715	1947
6712	1947
6713	1947
6710	1947
6711	1947
1604	1947
4044	1947
4045	1947
4046	1947
4047	1947
4040	1947
4041	1947
4042	1947
4043	1947
4048	1947
4049	1947
3665	1947
3664	1947
3667	1947
3666	1947
3661	1947
3660	1947
3663	1947
3662	1947
3669	1947
3668	1947
2578	1947
2579	1947
2576	1947
2577	1947
2574	1947
2575	1947
2572	1947
5583	1947
2570	1947
2571	1947
3593	1947
3592	1947
3591	1947
3590	1947
3597	1947
3596	1947
5038	1947
3594	1947
5036	1947
5037	1947
5034	1947
5035	1947
5032	1947
5033	1947
5030	1947
5031	1947
4435	1947
4434	1947
4437	1947
4436	1947
4431	1947
4430	1947
4433	1947
4432	1947
4439	1947
4438	1947
977	1947
976	1947
975	1947
974	1947
973	1947
972	1947
971	1947
970	1947
979	1947
978	1947
1243	1947
3386	1947
3387	1947
3384	1947
7100	1947
7101	1947
7102	1947
3385	1947
7104	1947
7105	1947
7106	1947
7107	4163
7108	1947
5410	1947
5411	1947
5412	1947
5413	1947
1681	5872
1680	1947
1683	1947
1682	5872
1685	1947
1684	1947
1687	1947
1686	1947
1689	1947
1688	1947
4917	1947
1469	1947
1468	1947
1465	1947
1464	1947
1467	1947
1466	1947
1461	264
1460	264
1463	1947
1462	1947
4239	1947
4238	1947
4237	1947
4236	1947
4235	1947
4234	1947
4233	1947
4232	1947
4231	1947
4230	1947
5591	1947
5590	1947
5593	1947
5592	1947
5595	1947
5594	1947
5597	1947
5596	1947
5599	1947
5598	1947
319	1947
318	1947
313	1947
312	1947
311	1947
310	1947
317	1947
316	1947
315	1947
314	1947
3299	1947
443	1947
442	1947
441	1947
440	1947
1331	1947
4218	1947
445	1947
444	1947
405	1947
2299	1947
2298	1947
2293	1947
2292	1947
2291	1947
2290	1947
2297	1947
2296	1947
2295	1947
2294	1947
6299	1947
6298	1947
6297	1947
6296	1947
6295	1947
6294	1947
6293	1947
6292	1947
6291	1947
6290	1947
4704	1947
5574	1947
4672	1947
3438	1947
3439	1947
878	1947
879	1947
876	1947
3431	1947
874	1947
875	1947
872	1947
3435	1947
3436	1947
3437	1947
4592	1947
2740	1947
2743	1947
2742	1947
2745	1947
2744	1947
2031	1947
2030	1947
2749	1947
2748	1947
4598	1947
4599	1947
4840	1947
4841	1947
4842	1947
4843	1947
4937	1947
5201	1947
5200	1947
5203	1947
5202	1947
5205	1947
5204	1947
5207	1947
5206	1947
5209	1947
5208	1947
1911	1947
4939	1947
1910	1947
3049	1947
3048	1947
3041	1947
3040	1947
3043	1947
3042	1947
3045	1947
3044	1947
3047	1947
3046	1947
1913	1947
1094	1947
1095	1947
1096	1947
1097	1947
1090	1947
1091	1947
1092	1947
1093	1947
1098	1947
1099	1947
5192	1947
1322	1947
1323	1947
1320	1947
1321	1947
1326	1947
1327	1947
1324	1947
1325	1947
1328	1947
1329	1947
6451	1947
6450	1947
6905	1947
6904	1947
6903	1947
6454	1947
6901	1947
6456	1947
6459	1947
6458	1947
6909	1947
6908	1947
1917	1947
1916	1947
3958	1947
3953	1947
3952	1947
3951	1947
3950	1947
3957	1947
3956	1947
3955	1947
3954	1947
1966	1947
4062	1947
4063	1947
4060	1947
4061	1947
4066	1947
4067	1947
4064	1947
4065	1947
4068	1947
4069	1947
5784	1947
5785	1947
5786	1947
5787	1947
5780	1947
5781	1947
5782	1947
5783	1947
5788	1947
5789	1947
3603	1947
3602	1947
3601	1947
3600	1947
3607	1947
3606	1947
3605	1947
3604	1947
3609	1947
3608	1947
4453	1947
4452	1947
4451	1947
4450	1947
4457	1947
4456	1947
4455	1947
4454	1947
4459	1947
4458	1947
959	1947
958	1947
951	1947
950	1947
953	1947
952	1947
955	1947
954	1947
957	1947
956	1947
6334	1947
6335	1947
6336	1947
6337	1947
6330	1947
6331	1947
6332	4695
6333	1947
6338	1947
6339	1947
2174	1947
2175	1947
7128	1947
7129	1947
7126	1947
7127	1947
7124	1947
7125	1947
7122	1947
4965	1947
7120	1947
7121	1947
4964	1947
1669	1947
1668	1947
1667	1947
1666	1947
1665	1947
1664	1947
1663	1947
1662	1947
1661	1947
1660	1947
591	1947
590	590
593	1947
592	1947
595	1947
594	1947
597	1947
596	1947
599	1947
598	1947
2607	1947
2828	1947
2829	1947
2824	1947
2825	1947
2826	1947
2827	1947
2820	1947
2821	1947
2822	1947
2823	1947
5414	1947
5415	1947
5416	1947
5417	1947
3382	1947
3383	1947
3380	1947
3381	1947
5418	1947
5419	1947
3388	1947
3389	1947
1409	1947
1408	1947
1403	1947
1402	1947
1401	1947
1400	1947
1407	1947
1406	1947
1405	1947
1404	1947
4215	1947
4214	1947
4217	1947
4216	1947
4211	1947
4210	1947
4213	1947
4212	1947
3961	1947
4219	1947
1544	1947
1545	1947
1542	1947
1543	1947
1933	1947
1540	1947
5579	1947
5578	1947
5577	1947
5576	1947
5575	1947
1541	1947
5573	1947
5572	1947
5571	1947
5570	1947
1930	1947
5799	1947
3265	1947
5798	1947
5129	1947
339	1947
338	1947
335	1947
334	1947
337	1947
1934	1947
331	1947
330	1947
333	1947
332	1947
3269	1947
3268	1947
1939	1947
1938	1947
3195	1947
3631	1947
6109	1947
6108	1947
6107	1947
6106	1947
6105	1947
6104	1947
6103	1947
6102	1947
6101	1947
6100	1947
3336	1947
1932	1947
3416	1947
3417	1947
3414	1947
3415	1947
3412	1947
3413	1947
3410	1947
3411	1947
1931	1947
3418	1947
3419	1947
4868	4127
4869	1947
2019	1947
2018	1947
2015	1947
2014	1947
2017	1947
2016	1947
2011	1947
2010	1947
4864	1947
4865	1947
1937	1947
3335	1947
1936	1947
3193	1947
1935	1947
1348	1947
459	1947
1340	1947
1341	1947
1342	1947
453	1947
1344	1947
1345	1947
456	1947
1347	1947
6929	1947
6928	1947
6925	1947
6924	1947
6927	1947
6926	1947
6921	1947
6920	1947
6923	1947
6922	1947
4008	1947
4009	1947
3191	1947
4000	1947
4001	1947
4002	1947
4003	1947
4004	1947
4005	1947
4006	1947
4007	1947
3971	1947
3970	1947
3973	1947
3972	1947
3975	1947
3974	1947
3977	1947
3976	1947
3979	1947
3978	1947
3629	1947
3628	1947
3621	1947
3620	1947
3623	1947
3622	1947
3625	1947
3624	1947
3627	1947
3626	1947
4479	1947
4478	1947
2955	1947
4471	1947
4470	1947
4473	1947
4472	1947
4475	1947
4474	1947
4477	1947
4476	1947
6447	6448
2464	1947
2465	1947
2466	1947
2467	1947
2460	1947
2461	1947
2462	1947
2463	1947
2468	1947
2469	1947
5347	1947
5340	1947
5341	1947
5342	1947
1022	1947
6312	1947
6313	1947
6310	1947
6311	1947
6316	1947
6317	1947
6314	1947
6315	1947
6318	1947
6319	1947
1029	1947
1028	1947
1645	1947
1644	1947
1647	1947
1646	1947
1641	1947
1640	1947
1643	1947
1642	1947
1649	1947
1648	1947
579	1947
578	1947
573	1947
572	1947
571	1947
570	1947
577	1947
576	1947
575	1947
574	1947
2808	1947
2809	1947
2802	1947
2803	1947
2800	1947
2801	1947
2806	1947
2807	1947
2804	1947
2805	1947
1421	1947
1420	1947
5430	1947
5431	1947
5436	5872
5437	1947
5434	1947
1426	1947
1429	1947
1428	1947
3366	1947
3367	1947
3360	1947
3361	1947
3362	1947
3363	1947
4957	1947
4273	1947
4272	1947
4271	1947
4270	1947
4277	1947
4276	1947
4275	1947
4274	1947
609	1947
4279	1947
4278	1947
608	1947
5555	1947
5554	1947
5557	1947
5556	1947
5551	1947
5550	1947
5553	1947
5552	1947
5559	1947
5558	1947
4861	1947
4866	1947
4867	1947
2013	1947
2012	1947
5883	1947
5882	1947
5881	1947
5880	1947
5887	1947
5886	1947
5885	1947
5884	1947
5889	1947
5888	1947
6554	1947
6555	1947
6556	1947
6557	1947
6550	1947
6551	1947
6552	1947
6553	1947
6558	1947
6559	1947
357	1947
356	1947
355	1947
354	1947
353	1947
352	1947
351	1947
350	1947
359	1947
358	1947
6125	1947
6124	1947
6127	1947
6126	1947
6121	1947
6120	1947
6123	1947
6122	1947
6129	1947
6128	1947
3750	1947
2190	1947
2191	1947
2192	1947
2193	1947
2259	1947
2258	1947
2257	1947
2194	1947
2255	1947
2254	1947
2253	1947
2252	1947
2251	1947
2195	1947
2196	1947
2197	1947
4800	1947
2784	1947
2787	1947
2786	1947
2781	1947
2780	1947
2783	1947
2782	1947
4808	1947
4809	1947
2789	1947
2788	1947
2079	1947
2078	1947
2073	1947
2072	1947
2071	1947
2070	1947
2077	1947
2076	1947
2075	1947
2074	1947
4098	1947
7081	1947
7080	1947
7083	1947
7082	1947
7085	1947
7084	1947
7087	1947
7086	1947
7089	1947
7088	1947
6495	1947
6494	1947
6497	1947
6496	1947
6491	1947
6490	1947
6493	1947
6492	1947
6499	1947
6498	1947
6949	1947
6948	1947
6943	4991
6942	1947
6941	1947
6940	1947
6947	1947
6946	1947
6945	1947
6944	1947
4398	1947
4399	1947
4390	1947
4391	1947
4392	1947
4393	1947
4394	1947
4395	1947
4396	1947
4397	1947
472	1947
3196	1947
1364	1947
471	1947
1362	1947
1363	1947
1360	1947
1361	1947
478	1947
479	1947
1368	1947
1369	1947
4026	1947
4027	1947
4024	1947
4025	1947
4022	1947
4023	1947
4020	1947
4021	1947
4028	1947
4029	1947
3999	1947
3998	1947
3997	1947
3996	1947
3995	1947
3994	1947
3993	1947
3992	1947
3991	1947
3990	1947
298	1947
299	1947
296	1947
297	1947
294	1947
295	1947
292	1947
293	1947
290	1947
291	1947
587	1947
581	1947
2442	1947
2443	1947
2440	1947
2441	1947
2446	1947
2447	1947
2444	1947
2445	1947
2448	1947
2449	1947
6378	1947
6379	1947
6370	1947
6371	1947
6372	1947
6373	1947
6374	1947
6375	1947
6376	1947
6377	1947
4978	1947
4979	1947
3391	1947
5406	1947
5405	1947
5404	1947
3395	1947
5402	1947
1623	1947
1622	1947
1621	1947
1620	1947
1627	1947
1626	1947
1625	1947
3200	1947
1999	1947
1998	1947
1629	1947
1628	1947
3209	1947
3208	1947
3398	1947
3535	1947
3534	1947
2860	2858
2861	1947
2862	1947
2863	1947
559	1947
558	1947
2866	1947
2867	1947
555	1947
554	1947
557	1947
556	1947
551	1947
550	1947
553	1947
552	1947
5054	1947
1438	1947
3538	1947
5408	1947
1199	1947
1198	1947
3348	1947
3349	1947
1191	1947
5451	1947
1193	1947
1192	1947
1195	1947
1194	1947
1197	1947
1196	1947
4259	1947
4258	1947
4251	1947
4250	1947
4253	1947
4252	1947
4255	1947
4254	1947
4257	1947
4256	1947
5533	1947
5532	1947
5531	1947
5530	1947
5537	1947
5536	1947
5535	1947
5534	1947
5539	1947
5538	1947
458	1947
1349	1947
6572	1947
6573	1947
6570	1947
6571	1947
6576	1947
6577	1947
6574	1947
6575	1947
6578	1947
6579	1947
450	1947
451	1947
452	1947
3834	1947
3835	1947
3836	1947
3837	1947
3830	1947
3831	1947
3832	1947
3833	1947
454	1947
5101	1947
3838	1947
3839	1947
455	1947
3207	1947
1346	1947
457	1947
5106	1947
379	1947
378	1947
371	1947
370	1947
373	1947
372	1947
375	1947
374	1947
377	1947
376	1947
6143	1947
6142	1947
6141	1947
6140	1947
6147	1947
6146	1947
6145	1947
6144	1947
6149	1947
6148	1947
3203	1947
2275	1947
2274	1947
2277	1947
2276	1947
2271	1947
2270	1947
2273	1947
2272	1947
2279	1947
2278	1947
2051	1947
2050	1947
2053	1947
2052	1947
2055	1947
2054	1947
2057	1947
4829	1947
2059	1947
2058	1947
4824	1947
4537	1947
4530	1947
4531	1947
4532	1947
4821	1947
2405	1947
7069	1947
7068	1947
7067	1947
7066	1947
7065	1947
7064	1947
7063	1947
7062	1947
7061	1947
7060	1947
3786	1947
6961	1947
6960	1947
6963	1947
6962	1947
6965	1947
6964	1947
6967	1947
6966	1947
6969	1947
6968	1947
414	1947
415	1947
416	1947
417	1947
410	1947
411	1947
412	1947
413	1947
1384	1947
1385	1947
1386	1947
1387	1947
418	1947
419	1947
1382	1947
1383	1947
1775	1947
1774	1947
1777	1947
1776	1947
1771	1947
1770	1947
5272	1947
1772	1947
1779	1947
1778	1947
6688	1947
6689	1947
6680	1947
6681	1947
6682	1947
6683	1947
6684	1947
6685	1947
6686	1947
6687	1947
2428	1947
2429	1947
2420	1947
2421	1947
2422	1947
2423	1947
2424	1947
2425	1947
2426	1947
2427	1947
6356	1947
6357	1947
6354	1947
6355	1947
6352	1947
6353	1947
6350	1947
6351	1947
6358	1947
6359	1947
1814	1947
1815	1947
1816	1947
1817	1947
1810	1947
1811	1947
1812	1947
1813	1947
1818	1947
1819	1947
4952	1947
4953	1947
4950	1947
1609	1947
1608	1947
4951	1947
3229	1947
3228	1947
1979	1947
1978	1947
3225	1947
3224	1947
1975	1947
1974	1947
3221	1947
3220	1947
1971	1947
1970	1947
4954	1947
4955	1947
2848	1947
2849	1947
2846	1947
2847	1947
2844	1947
2845	1947
2842	1947
2843	1947
2840	1947
2841	1947
3320	1947
3321	1947
3322	1947
3323	1947
3324	1947
3325	1947
3326	1947
3327	1947
3328	1947
3329	1947
5478	1947
5479	1947
5519	1947
5518	1947
5511	1947
3038	1947
5513	5514
5512	1947
5515	1947
5514	5514
5517	1947
3039	1947
1559	1947
537	1947
536	1947
535	1947
534	1947
533	1947
532	1947
531	1947
530	1947
539	1947
538	1947
1976	1947
5139	1947
1558	1947
5138	1947
1906	1947
5136	779
1904	1947
6518	1947
6519	1947
1905	1947
6510	1947
5133	1947
6512	1947
6513	1947
6514	1947
6515	1947
6516	1947
3291	1947
5131	1947
1901	1947
3812	1947
3813	1947
3810	1947
3811	1947
3816	1947
3817	3817
3814	1947
3815	1947
3818	1947
3819	1947
6169	1947
6168	1947
6161	1947
6160	1947
6163	1947
6162	1947
6165	1947
6164	1947
6167	1947
6166	1947
2213	1947
2212	1947
2211	1947
2210	1947
2217	1947
2216	1947
2215	1947
2214	1947
2219	1947
2218	1947
6137	1947
4518	1947
4519	1947
4512	1947
4513	1947
4510	1947
4511	1947
4516	1947
4517	1947
4514	1947
4515	1947
5289	1947
5288	1947
5281	1947
5280	1947
5283	1947
5282	1947
5285	1947
5284	1947
5287	1947
5286	1947
7045	1947
7044	1947
7047	1947
7046	1947
7041	1947
7040	1947
7043	1947
7042	1947
7049	1947
7048	1947
6989	3817
6988	1947
6987	1947
6986	1947
6985	1947
6984	1947
6983	1947
6982	1947
6981	1947
6980	1947
2989	1947
2988	1947
2983	1947
2982	1947
2981	1947
2980	1947
2987	1947
2986	1947
2985	1947
2984	1947
1018	1947
1019	1947
1014	1947
1015	1947
1016	1947
1017	1947
1010	1947
1011	1947
1012	1947
1013	1947
4358	1947
4359	1947
4354	1947
4355	1947
4356	1947
4357	1947
4350	1947
4351	1947
4352	1947
4353	1947
438	1947
439	1947
436	1947
437	1947
434	1947
435	1947
432	1947
433	1947
430	1947
431	1947
3312	1947
5708	1947
5709	1947
5704	1947
5705	1947
5706	1947
5707	1947
5700	1947
5701	1947
5702	1947
5703	1947
3315	1947
3314	1947
1434	1947
1435	1947
1432	1947
5357	1947
5356	1947
1052	1947
1430	1947
5354	1947
1054	1947
5352	1947
1056	1947
1057	1947
1431	1947
5329	1947
1832	1947
1833	1947
1830	1947
1831	1947
1836	1947
3798	1947
1834	1947
1835	1947
3795	264
3794	1947
1838	1947
3796	1947
3791	1947
3790	1947
3793	1947
3792	1947
4981	1947
4980	1947
2156	1947
2157	1947
4985	1947
4984	1947
2152	1947
2153	1947
4989	1947
4988	1947
2158	1947
2159	1947
2408	1947
2409	1947
1955	1947
1954	1947
1957	1947
1956	1947
1951	1947
1950	1947
1953	1947
1952	1947
1959	1947
1958	1947
3249	1947
3248	1947
3243	1947
3242	1947
3241	1947
3240	1947
3247	1947
3246	3245
3245	3245
1990	1947
4925	1947
1993	1947
1483	1947
1482	1947
1481	1947
1480	1947
1487	1947
1486	1947
1485	1947
1484	1947
3306	1947
3307	1947
1489	1947
1488	1947
3302	1947
3303	1947
3300	1947
3301	1947
1992	1947
1270	1947
1271	1947
1272	1947
611	1947
1274	1947
617	1947
2060	1947
1276	1947
2793	1947
1277	1947
2062	1947
2063	1947
1994	1947
2064	1947
2065	1947
519	1947
518	1947
2066	1947
511	1947
510	1947
513	1947
512	1947
515	1947
514	1947
517	1947
516	1947
1227	1947
1226	1947
621	1947
1224	1947
1223	1947
1222	1947
1221	1947
1220	1947
629	1947
628	1947
1229	1947
1228	1947
6536	1947
6537	1947
6534	1947
6535	1947
6532	1947
6533	1947
6530	1947
6531	1947
6538	1947
6539	1947
1996	1947
3878	1947
3879	1947
3870	1947
3871	1947
3872	1947
3873	1947
3874	1947
3875	1947
3876	1947
3877	1947
4167	1947
4166	1947
4165	1947
4164	1947
4163	1947
4162	1947
4161	1947
4160	1947
4169	1947
4168	1947
2239	1947
2238	1947
2231	1947
2230	1947
2233	1947
2232	1947
2235	1947
2234	1947
2237	1947
2236	1947
5937	1947
5936	5514
5935	1947
5934	1947
5933	1947
5932	1947
5931	1947
5930	1947
5939	1947
5938	1947
1631	1947
4608	1947
3498	1947
3499	1947
3496	1947
3497	1947
3494	1947
3495	1947
3492	1947
3493	1947
3490	1947
3491	1947
2095	1947
2094	1947
4572	1947
4573	1947
2091	1947
2090	264
4576	1947
2092	1947
4578	1947
4579	1947
2099	1947
2098	1947
4605	1947
3333	1947
3	1947
3332	1947
7023	1947
7022	1947
7021	1947
7020	1947
7027	1947
7026	1947
7025	1947
7024	1947
7029	1947
7028	1947
3331	1947
3330	1947
3337	1947
1655	1947
1038	1947
1039	1947
1032	1947
1033	1947
1030	1947
1031	1947
1036	1947
1037	1947
1034	1947
1035	1947
4378	1947
4379	1947
4372	1947
4373	1947
4370	1947
4371	1947
4376	1947
4377	1947
4374	1947
4375	1947
3334	1947
4080	1947
4081	1947
4082	1947
4083	1947
4084	1947
4085	1947
4086	1947
4087	1947
4088	1947
4089	1947
5728	1947
5729	1947
5722	1947
5723	1947
5720	1947
5721	1947
5726	1947
5727	1947
5724	3817
5725	1947
3844	1947
6648	1947
6649	1947
6644	1947
6645	1947
6646	1947
6647	1947
6640	1947
6641	1947
6642	1947
6643	1947
6398	1947
6399	1947
6392	1947
6393	1947
6390	1947
6391	1947
6396	1947
6397	1947
6394	1947
6395	1947
2396	1947
2397	1947
2394	1947
2395	1947
2392	1947
2393	1947
2390	1947
2391	1947
2398	1947
2399	1947
1858	1947
1859	1947
3840	1947
1850	1947
1851	1947
1852	1947
1853	1853
1854	1947
1855	1947
1856	1947
1857	1947
2172	1947
2173	1947
2170	1947
2171	1947
2176	1947
2177	1947
4969	1947
4968	1947
4967	1947
4966	1947
2178	1947
2179	1947
4963	1947
4962	1947
4961	1947
4960	1947
5432	1947
3847	1947
5433	1947
3846	1947
1423	1947
3261	1947
3260	1947
3263	1947
3262	1947
5128	1947
3264	1947
3267	1947
3266	1947
5124	1947
5125	1947
5126	1947
5127	1947
5120	1947
5121	1947
5122	1947
5123	1947
1427	1947
5435	1947
3364	1947
3365	1947
5438	1947
5439	4127
6886	1947
6887	1947
6884	1947
6885	1947
6882	1947
6883	1947
6880	1947
6881	1947
6888	1947
6889	1947
605	1947
604	1947
607	1947
606	1947
601	1947
600	1947
603	1947
602	1947
1205	1947
1204	1947
1207	1947
1206	1947
1201	1947
1200	1947
1203	1947
1202	1947
1353	1947
464	1947
1351	1947
466	1947
461	1947
1356	1947
463	1947
1354	1947
6950	1947
6483	1947
6952	1947
6481	1947
4149	1947
4148	1947
4145	1947
4144	1947
4147	1947
4146	1947
4141	1947
4140	1947
4143	1947
4142	1947
3856	1947
3857	1947
3854	1947
3855	1947
3852	1947
3853	1947
3850	1947
3851	1947
6957	1947
3858	1947
3859	1947
5919	1947
5918	1947
5915	1947
5914	1947
5917	1947
5916	1947
5911	1947
5910	1947
5913	1947
5912	1947
4558	1947
4559	1947
4556	1947
4557	1947
4554	1947
4555	1947
4552	1947
4553	1947
4550	1947
4551	1947
6077	1947
6076	1947
6075	1947
6074	1947
6073	1947
6072	1947
6071	1947
6070	1947
6079	1947
6078	1947
2617	1947
2616	1947
2615	1947
2614	1947
2613	1947
2612	1947
2611	1947
2610	1947
2619	1947
2618	1947
5424	1947
7009	1947
7008	1947
7001	1947
7000	1947
7003	1947
7002	1947
7005	1947
7004	1947
7007	1947
7006	1947
1184	1947
740	1947
741	1947
742	1947
743	1947
744	1947
745	1947
746	1947
747	1947
748	1947
749	1947
1185	1947
2949	1947
2948	1947
2947	1947
2946	1947
2945	1947
2944	1947
2943	1947
2942	1947
2941	1947
2940	1947
1050	1947
1051	1947
5355	1947
1053	1947
5353	1947
1055	1947
5351	1947
5350	1947
1058	1947
1059	1947
5359	1947
5358	1947
4310	1947
4311	1947
4312	1947
4313	1947
4314	1947
4315	1947
4316	1947
4317	1947
4318	1947
4319	1947
1180	1947
3119	1947
3118	1947
3117	1947
3116	1947
3115	1947
3114	1947
3113	1947
3112	1947
3111	1947
3110	1947
1181	1947
5740	1947
5741	1947
5742	1947
5743	1947
5744	1947
5745	1947
5746	1947
5747	1947
5748	1947
5749	1947
5267	5267
5266	1947
1702	1947
1703	1947
5263	1947
5262	1947
5261	1947
5260	1947
2136	1947
1603	1947
6668	1947
6669	1947
6662	1947
6663	1947
6660	1947
6661	1947
6666	1947
6667	1947
6664	1947
6665	1947
7	1947
2134	1947
2135	1947
2378	1947
2379	1947
2374	1947
2375	1947
2376	1947
2377	1947
2370	1947
2371	1947
2372	1947
2373	1947
1876	1947
1877	1947
1874	1947
1875	1947
1872	1947
1873	1947
1870	1947
1871	1947
1607	1947
1878	1947
1879	1947
4945	1947
4944	1947
4947	1947
4946	1947
4941	1947
4940	1947
4943	1947
4942	1947
4949	1947
4948	1947
2118	1947
2119	1947
2130	1947
2110	1947
2111	1947
2112	1947
2113	1947
2114	1947
2115	1947
2116	1947
2117	1947
1919	1947
1918	1947
5108	1947
5109	1947
3289	1947
3288	1947
3287	1947
3286	1947
3285	1947
3284	1947
3283	1947
5107	1947
3281	1947
5105	1947
883	1947
882	1947
881	1947
880	1947
887	1947
886	1947
885	1947
884	1947
889	1947
888	1947
1727	1947
6868	1947
6869	1947
6864	1947
6865	1947
6866	1947
6867	1947
6860	1947
6861	1947
6862	1947
6863	1947
1269	1947
1268	1947
669	1947
668	1947
667	1947
666	1947
665	1947
664	1947
663	1947
662	1947
1265	1947
660	1947
5102	1947
5103	1947
5100	1947
1912	1947
1915	1947
1914	1947
5104	1947
3280	1947
4129	1947
4128	4127
4123	1947
4122	1947
4121	1947
4120	1947
4127	4127
4126	1947
4125	1947
4124	1947
5689	1947
5688	1947
5685	1947
5684	1947
5687	1947
5686	1947
5681	1947
5680	1947
5683	1947
5682	1947
5979	1947
5978	1947
5973	1947
5972	1947
5971	3817
5970	1947
5977	1947
5976	1947
5975	1947
5974	1947
1049	1947
5407	1947
2587	1947
2586	1947
2585	1947
2584	1947
2583	1947
2582	1947
2581	1947
2580	1947
2589	1947
2588	1947
280	1947
6059	1947
6058	1947
6055	1947
6054	1947
6057	1947
6056	1947
6051	1947
6050	1947
6053	1947
6052	1947
2639	1947
2638	1947
2635	1947
2634	1947
2637	1947
2636	1947
2631	1947
2630	1947
2633	1947
2632	1947
3544	1947
3545	1947
3546	1947
3547	1947
3540	1947
3541	1947
3542	1947
3543	1947
3548	1947
3549	1947
2965	1947
2964	1947
768	1947
769	1947
2961	1947
2960	1947
2963	1947
2962	1947
762	1947
763	1947
760	1947
761	1947
766	1947
767	1947
764	1947
765	1947
5379	1947
5378	1947
1078	1947
1079	1947
1076	1947
5374	1947
1074	1947
5376	1947
5371	1947
5370	1947
5373	1947
1071	1947
4338	1947
4339	1947
4336	1947
4337	1947
4334	1947
4335	1947
4332	1947
4333	1947
4330	1947
4331	1947
3135	1947
3134	1947
3137	1947
3136	1947
3131	1947
3130	1947
3133	1947
3132	1947
3139	1947
3138	1947
1533	1947
5183	1947
1532	1947
5180	1947
5768	1947
5769	1947
5766	1947
5767	1947
5764	1947
5765	1947
5762	1947
5763	1947
5760	1947
5761	1947
1531	1947
5181	1947
1530	1947
5186	1947
2256	1947
5187	1947
75	1947
74	1947
2250	1947
5184	1947
6600	1947
6601	1947
6602	1947
6603	1947
6604	1947
6605	1947
6606	1947
6607	1947
6608	1947
6609	1947
5185	1947
79	1947
78	1947
5362	1947
4570	1947
5363	1947
1041	1947
5361	1947
1047	1947
1046	1947
4571	1947
1045	1947
1044	1947
2358	1947
2359	1947
2352	1947
2353	1947
2350	1947
2351	1947
2356	1947
2357	1947
2354	1947
2355	1947
1048	1947
1898	1947
1899	1947
3739	1947
3738	1947
1894	1947
1895	1947
3735	1947
3734	1947
1890	1947
3732	1947
1892	1947
3730	1947
4691	1947
4922	1947
4693	1947
4692	1947
4927	1947
4694	1947
4697	1947
2131	1947
4699	1947
4698	1947
4929	1947
4928	1947
2138	1947
2139	1947
5160	1947
5161	1947
5162	1947
5163	1947
5164	1947
5165	1947
5166	1947
5167	1947
5168	1947
5169	1947
4802	1947
4803	1947
4804	1947
4805	1947
4806	1947
4807	1947
1263	1947
1262	1947
1261	1947
1799	1947
1798	1947
1793	1947
1267	1947
1791	1947
1790	1947
1797	1947
1796	1947
1795	1947
1794	1947
6848	1947
6849	1947
661	1947
6842	1947
6843	1947
6840	1947
6841	1947
6846	1947
6847	1947
6844	1947
6845	1947
6590	1947
6591	1947
6592	1947
6593	1947
6594	1947
6595	1947
6596	1947
6597	2482
6598	1947
6599	1947
5344	1947
1024	1947
3092	1947
1240	1947
643	1947
642	1947
3096	1947
644	1947
3094	1947
3095	1947
649	1947
1248	1947
3098	1947
3099	1947
1027	1947
1539	1947
1538	1947
4101	1947
4100	1947
4103	1947
4102	1947
4105	1947
4104	1947
4107	1947
4106	1947
4109	1947
4108	1947
3377	1947
3898	1947
3899	1947
3892	1947
3893	1947
3890	1947
3891	1947
3896	1947
3897	1947
3894	1947
3895	1947
5951	1947
5950	1947
5953	1947
5952	1947
5955	1947
5954	1947
5957	1947
5956	1947
5959	1947
5958	1947
1991	1947
1455	1947
6039	1947
6038	1947
6033	3817
6032	1947
6031	1947
6030	1947
6037	1947
6036	1947
6035	1947
6034	1947
2659	1947
2658	1947
2653	1947
2652	1947
2651	1947
2650	1947
2657	1947
2656	1947
2655	1947
2654	1947
1606	1947
3562	1947
3563	1947
3560	1947
3561	1947
3566	1947
3567	1947
3564	1947
3565	1947
3568	1947
3569	1947
4484	1947
4485	1947
4486	1947
4487	1947
4480	1947
4481	1947
4482	1947
4483	1947
2489	1947
4488	1947
4489	1947
2903	1947
2902	1947
2901	1947
2900	1947
708	1947
709	1947
2905	1947
147	1947
704	1947
705	1947
706	1947
707	1947
700	1947
701	1947
702	1947
703	1947
5319	1947
5318	1947
5313	1947
5312	1947
5311	1947
5310	1947
5317	1947
5316	1947
5315	1947
5314	1947
3214	1947
1987	1947
1984	1947
3153	1947
3152	1947
3151	1947
3150	1947
3157	1947
3156	1947
3155	1947
3154	1947
1982	1947
3159	1947
3158	1947
1983	1947
1980	1947
1981	1947
1260	1947
2485	1947
2482	2482
1266	1947
1264	1947
2481	2482
1247	1947
568	1947
569	1947
2816	1947
6628	1947
6629	1947
6626	1947
6627	1947
6624	1947
6625	1947
6622	1947
6623	1947
6620	1947
6621	1947
564	1947
565	1947
4714	1947
4715	1947
4716	1947
4717	1947
4710	1947
4711	1947
4712	1947
2337	1947
2338	1947
2339	1947
4718	1947
4719	1947
3715	1947
3714	1947
3717	1947
3716	1947
3711	1947
3710	1947
3713	1947
3712	1947
3719	1947
3718	1947
4909	1947
4908	1947
4679	1947
4678	1947
4901	1947
4676	1947
4903	1947
4902	1947
4905	1947
2483	1947
4671	1947
4906	1947
5148	1947
5149	1947
5146	1947
5147	1947
5144	1947
5145	1947
5142	1947
5143	1947
5140	1947
5141	1947
120	1947
121	1947
122	1947
123	1947
124	1947
125	1947
126	1947
127	1947
128	1947
129	1947
1188	6448
1189	1947
1186	1947
1187	6448
3375	1947
3374	1947
5421	1947
3372	1947
3371	1947
3370	1947
6820	1947
6821	1947
6822	1947
6823	1947
6824	1947
6825	1947
6826	1947
6827	1947
6828	1947
6829	1947
1997	1947
3390	1947
1519	1947
1518	1947
1515	1947
1514	1947
1517	1947
1516	1947
1511	1947
1510	1947
1513	1947
1512	1947
3394	1947
3397	1947
3396	1947
263	1947
262	1947
261	1947
260	1947
267	1947
266	1947
265	1947
264	1947
269	1947
268	1947
6011	1947
6010	1947
6013	1947
6012	1947
6015	1947
6014	1947
6017	1947
6016	1947
6019	1947
6018	1947
988	1947
989	1947
982	1947
983	1947
980	1947
981	1947
986	1947
987	1947
984	1947
985	1947
1388	1947
3508	1947
3509	1947
5089	1947
5088	1947
5083	1947
5082	1947
5081	1947
5080	1947
5087	1947
5086	1947
5085	1947
5084	1947
2671	1947
2670	1947
2673	1947
2672	1947
2675	1947
2674	1947
2677	1947
2676	1947
2679	1947
2678	1947
1209	1947
2929	1947
2928	5170
2921	1947
2920	1947
2923	1947
2922	1947
2925	1947
2924	1947
2927	5170
2926	1947
5331	1947
5330	1947
5333	1947
5332	1947
5335	1947
5334	1947
5337	1947
5336	1947
1208	1947
5338	1947
3179	1947
3178	1947
2037	1947
3171	1947
3170	1947
3173	1947
3172	1947
3175	1947
3174	1947
3177	1947
3176	1947
726	1947
727	1947
724	1947
725	1947
722	1947
723	1947
720	1947
721	1947
728	1947
729	1947
1164	1947
1165	1947
1166	1947
1167	1947
1160	1947
1161	1947
1162	1947
1163	1947
1168	1947
1169	1947
2035	1947
1366	1947
1367	1947
2034	1947
3194	1947
476	1947
2785	1947
477	1947
1713	1947
474	1947
1712	1947
3190	1947
1711	1947
1381	1947
1710	1947
1717	1947
1716	1947
1715	1947
5255	1947
3199	1947
1865	1947
3198	1947
5258	1947
3729	1947
5259	1947
3724	1947
3725	1947
2918	1947
4686	1947
4687	1947
1343	1947
4684	1947
4685	1947
2919	1947
4682	1947
4683	1947
4732	1947
4733	1947
4730	1947
4731	1947
4736	1947
4737	1947
4734	1947
4735	1947
2316	1947
2317	1947
4738	1947
4739	1947
2312	1947
2313	1947
2310	1947
2311	1947
5854	1947
5855	1947
5856	1947
5857	1947
5850	1947
5851	4662
5852	4662
5853	1947
5858	1947
5859	1947
3773	1947
3772	1947
3771	1947
3770	1947
3777	1947
3776	1947
3775	1947
3774	1947
3779	1947
3778	1947
4655	1947
4654	1947
4657	1947
4656	1947
4651	1947
4650	1947
4653	1947
4652	1947
4659	1947
4658	1947
406	1947
108	1947
109	1947
102	1947
103	1947
100	1947
101	1947
106	1947
107	1947
104	1947
105	1947
5112	1947
6204	1947
6205	1947
6206	1947
6207	1947
6200	1947
6201	1947
6202	1947
6203	1947
6208	1947
6209	1947
6808	1947
6809	1947
6806	1947
6807	1947
6804	1947
6805	1947
6802	1947
6803	1947
6800	1947
6801	1947
1759	1947
1758	1947
1757	1947
1756	1947
1755	1947
1754	1947
1753	1947
1752	1947
1751	1947
1750	1947
1285	1947
1284	1947
1287	1947
1286	1947
1281	1947
1280	1947
1283	1947
1282	1947
1289	1947
1288	1947
1579	1947
1578	1947
689	1947
688	1947
1573	1947
684	1947
1571	1947
686	1947
681	1947
1576	1947
683	1947
1574	1947
5629	1947
5628	1947
5627	1947
5626	1947
5625	1947
5624	1947
5623	1947
5622	1947
5621	1947
5620	1947
1242	1947
5995	1947
5994	1947
5997	1947
5996	1947
5991	4163
5990	4163
5993	1947
5992	1947
5999	1947
5998	1947
1244	1947
4677	1947
6781	1947
6780	1947
6783	1947
6782	1947
6785	1947
6784	1947
6787	1947
6786	1947
6789	1947
6788	1947
245	1947
244	1947
247	1947
246	1947
241	1947
240	1947
243	1947
242	1947
249	1947
248	1947
2154	1947
2155	1947
3698	1947
3699	1947
3690	1947
3691	1947
3692	1947
3693	1947
3694	1947
3695	1947
3696	1947
3697	1947
3526	1947
3527	1947
3524	1947
3525	1947
3522	1947
3523	1947
3520	1947
3521	1947
1501	1947
3528	264
3529	1947
2699	1947
2698	1947
2697	1947
2696	1947
2695	1947
2694	1947
2693	1947
2692	1947
2691	1947
2690	1947
2151	1947
4535	1947
1142	1947
1143	1947
1140	1947
1141	1947
1146	1947
1147	1947
1144	1947
1145	1947
1148	1947
1149	1947
2967	1947
2966	1947
336	1947
1745	1947
7199	1947
7198	1947
7193	1947
7192	1947
7191	1947
7190	1947
7197	1947
7196	1947
7195	1947
7194	1947
6402	1947
6403	1947
2969	1947
6400	1947
2968	1947
6401	1947
6406	1947
14	1947
6404	6995
16	1947
4282	1947
4283	1947
4280	1947
4281	1947
4286	1947
4287	1947
4284	1947
4285	1947
4288	1947
4289	1947
380	1947
381	1947
382	1947
383	1947
384	1947
385	1947
386	1947
387	1947
388	1947
389	1947
4758	1947
4759	1947
4750	1947
4751	1947
4752	1947
4753	1947
4754	1947
4755	1947
4756	1947
4757	1947
5872	5872
5873	1947
5870	1947
5871	5872
5876	1947
5877	1947
5874	1947
5875	1947
5878	1947
5879	1947
5377	1947
3759	1947
3758	1947
1075	1947
3751	1947
1072	1947
3753	1947
3752	1947
3755	1947
3754	1947
3757	1947
3756	1947
4633	1947
4632	1947
4631	1947
4630	1947
4637	1947
4636	1947
4635	1947
4634	1947
2198	1947
2199	1947
4639	1947
4638	1947
2046	1947
2047	1947
2044	1947
2045	1947
168	1947
169	1947
164	1947
165	1947
166	1947
167	1947
160	1947
161	1947
162	1947
163	1947
2040	1947
2041	1947
6194	1947
6195	1947
6196	1947
6197	1947
6190	1947
6191	1947
6192	1947
6193	1947
6198	1947
6199	1947
2734	1947
2735	1947
2736	1947
2737	1947
2730	1947
2731	1947
2732	1947
2733	1947
2738	1947
2739	1947
1106	1947
7209	1947
7208	1947
7203	1947
7202	1947
7201	1947
7200	1947
7207	1947
7206	1947
7205	1947
7204	1947
6222	1947
6223	1947
6220	1947
6221	1947
6226	1947
6227	1947
6224	1947
6225	1947
6228	1947
6229	1947
809	1947
808	1947
803	1947
802	1947
801	1947
800	1947
807	1947
806	1947
805	1947
804	1947
5274	1947
5275	1947
5276	1947
5277	1947
5270	1947
5271	1947
1773	1947
5273	1947
5278	1947
5279	1947
1100	1947
1551	1947
1550	1947
1553	1947
1552	1947
1555	1947
1554	1947
1557	1947
1556	1947
3034	1947
3035	1947
3036	1947
3037	1947
3030	1947
3031	1947
3032	1947
3033	1947
5605	1947
5604	1947
5607	1947
5606	1947
5601	1947
5600	1947
5603	1947
5602	1947
5609	1947
5608	1947
4690	1947
6424	1947
6425	1947
6426	1947
6427	1947
6420	1947
6421	1947
6422	1947
6423	1947
6428	1947
6429	1947
6769	1947
6768	1947
6767	1947
6766	1947
6765	1947
6764	1947
6763	1947
6762	1947
6761	1947
6760	1947
229	1947
228	1947
227	1947
226	1947
225	1947
224	1947
223	1947
222	1947
221	1947
220	1947
2509	1947
2508	1947
2507	1947
2506	1947
2505	1947
2504	1947
2503	1947
2502	1947
2501	1947
2500	1947
5049	590
5048	1947
5047	1947
5046	1947
5045	1947
5044	1947
5043	1947
5042	1947
5041	1947
5040	1947
1524	1947
1525	1947
1526	1947
0	1947
1527	1947
1252	1947
1521	1947
5182	1947
1522	1947
3206	1947
1523	1947
3205	1947
3204	1947
1995	1947
3202	1947
3201	1947
1624	1947
5188	1947
1128	1947
1129	1947
5189	1947
1120	1947
1121	1947
1122	1947
1123	1947
1124	1947
1125	1947
1126	1947
1127	1947
2864	1947
2865	1947
2868	1947
2869	1947
4776	1947
4777	1947
4774	1947
4775	1947
4772	1947
4773	1947
4770	779
4771	1947
4778	1947
4779	1947
5818	1947
5819	1947
5810	1947
5811	1947
5812	1947
5813	1947
5814	1947
5815	1947
5816	1947
5817	1947
4619	1947
4618	1947
4611	1947
4610	1947
4613	1947
4612	1947
4615	1947
4614	1947
4617	1947
4616	1947
4880	1947
4881	1947
4882	1947
146	1947
5458	1947
144	1947
145	1947
142	1947
143	1947
140	1947
5459	1947
2701	1947
148	1947
149	1947
2703	1947
754	1947
4887	1947
3342	1947
1190	1947
5452	1947
2712	1947
2713	1947
2710	1947
2711	1947
2716	1947
2717	1947
2714	1947
2715	1947
3346	1947
2718	1947
2719	1947
3347	1947
7221	1947
7220	1947
7223	1947
7222	1947
7225	1947
7224	1947
7227	1947
7226	1947
7229	1947
7228	1947
3345	1947
3090	1947
6248	1947
6249	5514
6240	1947
6241	1947
6242	1947
6243	1947
6244	1947
6245	1947
6246	1947
6247	1947
829	1947
828	1947
825	1947
824	1947
827	1947
826	1947
821	1947
820	1947
823	1947
822	1947
5252	1947
5253	1947
5250	1947
5251	1947
5256	1947
5257	1947
5254	1947
1714	1947
1719	1947
1718	1947
3018	1947
3019	1947
3012	1947
3013	1947
3010	1947
3011	1947
3016	1947
3017	1947
3014	1947
3015	1947
4189	1947
4188	1947
4181	1947
4180	1947
4183	1947
4182	1947
4185	1947
4184	1947
4187	1947
4186	1947
5663	1947
5662	1947
5661	1947
5660	1947
5667	1947
5666	1947
5665	1947
5664	1947
5669	1947
5668	1947
3197	1947
3093	1947
11	1947
10	1947
13	1947
12	1947
15	1947
6407	1947
17	1947
6405	6995
19	1947
18	1947
6408	1947
6409	1947
3904	1947
3905	1947
3906	1947
3907	1947
3900	1947
3901	1947
3902	1947
3903	1947
3908	1947
3909	1947
6745	4695
6744	1947
6747	1947
6746	1947
6741	1947
6740	1947
6743	1947
6742	1947
6749	1947
6748	1947
3192	1947
201	1947
200	1947
203	1947
202	1947
205	1947
204	1947
207	1947
206	1947
209	1947
208	1947
3476	1947
3477	1947
3470	1947
3471	1947
3472	1947
835	1947
2747	1947
3658	1947
3659	1947
3654	1947
3655	1947
3656	1947
3657	1947
3650	1947
3651	1947
3652	1947
3653	1947
2525	1947
2524	1947
2527	1947
2526	1947
2521	1947
2520	1947
2523	1947
2522	1947
2529	1947
2528	1947
5065	1947
5064	1947
5067	1947
5066	1947
5061	1947
5060	1947
5063	1947
5062	1947
5069	1947
5068	1947
4408	1947
4409	1947
4404	1947
4405	1947
4406	1947
4407	1947
4400	1947
4401	1947
4402	1947
4403	1947
928	1947
929	1947
920	1947
921	1947
922	1947
923	1947
924	1947
925	1947
926	1947
927	1947
5393	1947
5392	1947
5391	1947
5390	1947
5397	1947
5396	1947
5395	1947
5394	1947
5399	1947
5398	1947
784	1947
785	1947
786	1947
787	1947
780	1947
781	1947
782	1947
783	1947
788	1947
789	1947
407	1947
7159	1947
7158	1947
7157	1947
7156	1947
7155	1947
7154	1947
7153	1947
7152	1947
7151	1947
7150	1947
1372	1947
1375	1947
1374	1947
1377	1947
400	1947
20	1947
2899	1947
2898	1947
2895	1947
2894	1947
2897	1947
2896	1947
2891	1947
2890	1947
2893	1947
2892	1947
1454	1947
5245	1947
1104	1947
1105	1947
1450	1947
1103	1947
1452	1947
1453	1947
1458	264
5247	1947
1108	1947
1109	1947
5246	1947
5241	1947
5240	1947
3737	1947
5243	1947
3736	1947
5242	1947
1896	1947
1897	1947
3733	1947
1891	1947
3731	1947
1893	1947
4923	1947
2137	1947
4921	1947
4920	1947
4798	1947
4799	1947
4794	1947
4695	4695
4796	1947
4797	1947
4790	1947
4791	1947
4792	1947
2133	1947
5836	1947
5837	1947
5834	1947
5835	1947
5832	1947
5833	1947
5830	1947
5831	1947
4696	1947
5838	1947
5839	1947
4	1947
2778	1947
2779	1947
4899	1947
4898	1947
2770	1947
2771	1947
4891	1947
4890	1947
2774	1947
2775	1947
2776	1947
2777	1947
6266	1947
6267	1947
6264	1947
6265	4127
6262	1947
6263	1947
6260	1947
6261	1947
6268	1947
6269	5514
4900	1947
847	1947
846	1947
845	1947
844	1947
843	1947
3462	1947
3461	1947
3460	1947
849	1872
848	1872
5238	1947
5239	1947
1731	1947
5231	1947
1733	1947
5233	1947
1735	6156
5235	1947
1737	1947
5237	1947
2404	1947
4907	1947
3070	1947
1594	1947
3072	1947
3073	1947
1591	1947
3075	1947
3076	1947
1592	1947
3078	1947
3079	1947
1599	1947
1598	1947
2402	1947
5649	1947
5648	1947
5641	1947
5640	1947
5643	1947
5642	1947
5645	1947
5644	1947
5647	1947
5646	1947
2401	1947
4826	1947
489	1947
488	1947
487	1947
486	1947
485	1947
484	1947
483	1947
482	1947
481	1947
480	1947
6468	1947
6469	1947
6460	1947
6461	1947
6462	1947
6463	1947
6464	1947
6465	1947
6466	1947
6467	1947
3922	1947
3923	1947
3920	1947
3921	1947
3926	1947
3927	1947
3924	1947
3925	1947
3928	1947
3929	1947
6723	6156
6722	1947
6721	1947
6720	1947
6727	1947
6726	1947
6725	1947
6724	1947
6729	1947
6728	1947
6099	1947
6098	1947
6091	1947
6090	1947
6093	1947
6092	1947
6095	1947
6094	1947
6097	1947
6096	1947
3295	1947
3678	1947
3679	1947
3672	1947
3673	1947
3670	1947
3671	1947
3676	1947
3677	1947
3674	1947
3675	1947
2543	1947
2542	1947
2541	1947
2540	1947
2547	1947
2546	1947
2545	1947
2544	1947
2549	1947
2548	1947
1456	1947
1457	1947
3297	1947
1102	1947
1451	1947
5003	1947
3581	1947
3582	1947
3583	1947
3584	1947
3585	1947
3586	1947
3587	1947
3588	1947
3589	1947
5009	1947
1101	1947
3290	1947
902	1947
903	1947
900	1947
901	1947
906	1947
907	1947
904	1947
905	1947
4422	1947
4423	1947
908	1947
909	1947
4426	1947
4427	1947
4424	1947
1459	264
3292	1947
7175	1947
7174	1947
7177	1947
7176	1947
7171	1947
7170	1947
7173	1947
7172	1947
7179	1947
7178	1947
719	1947
2917	1947
1696	1947
1697	1947
1694	1947
1695	1947
1692	1947
1693	1947
1690	1947
1691	1947
1698	1947
1699	1947
1472	1947
1473	1947
1470	1947
1471	1947
1476	1947
1477	1947
1474	1947
1475	1947
1478	1947
1479	1947
4228	1947
4229	1947
4224	1947
4225	1947
4226	1947
4227	1947
4220	1947
4221	1947
4222	1947
4223	1947
24	1947
25	1947
26	1947
27	1947
5582	1947
21	1947
22	1947
23	1947
28	1947
29	1947
5588	1947
5589	1947
5308	1947
5309	1947
5300	1947
5301	1947
5302	1947
5303	1947
5304	1947
5305	1947
5306	1947
5307	1947
2288	1947
2289	1947
2280	1947
2281	1947
2282	1947
2283	1947
2284	1947
2285	1947
2286	1947
2287	1947
4538	1947
4539	1947
4828	1947
2056	1947
4534	1947
4827	1947
4536	1947
4825	1947
4822	1947
4823	1947
4820	1947
4795	1947
4926	1947
4533	1947
6288	1947
6289	1947
6284	1947
6285	1947
6286	1947
6287	1947
6280	1947
6281	1947
6282	1947
6283	1947
182	1947
183	1947
180	1947
181	1947
186	1947
187	1947
184	1947
185	1947
188	1947
189	1947
4924	1947
869	1947
868	1947
3449	1947
3448	1947
861	1947
860	1947
863	1947
3446	1947
3441	1947
3440	1947
867	1947
866	1947
2024	1947
2025	1947
2026	1947
2027	1947
2020	1947
2021	1947
2022	1947
2751	1947
2028	1947
2029	1947
2758	1947
2759	1947
5216	1947
5217	1947
5214	1947
5215	1947
5212	1947
5213	1947
5210	1947
5211	1947
5218	1947
5219	1947
4596	1947
3058	1947
3059	1947
3056	1947
3057	1947
3054	1947
3055	1947
3052	1947
3053	1947
3050	1947
3051	1947
4597	1947
4595	1947
8	1947
1317	1947
1316	1947
1315	1947
1314	1947
1313	1947
1312	1947
1311	1947
1310	1947
1319	1947
1318	1947
6914	1947
6915	1947
6916	1947
6445	1947
6442	1947
6443	1947
6912	1947
6913	1947
6918	6995
6919	1947
6448	6448
6449	1947
3304	1947
3948	1947
3949	1947
3940	1947
3941	1947
3942	1947
3943	1947
3944	1947
3945	1947
3946	1947
3947	1947
6709	1947
6708	1947
6701	1947
6700	1947
6703	1947
6702	1947
6705	1947
6704	1947
6707	1947
6706	1947
3841	1947
4057	1947
4056	1947
4055	1947
4054	1947
4053	1947
4052	1947
4051	1947
4050	1947
4059	1947
4058	1947
3843	1947
3610	1947
3611	1947
3612	1947
3613	1947
3614	1947
3615	1947
3616	1947
3617	1947
3618	1947
3619	1947
3842	1947
2569	1947
2568	1947
2140	1947
2561	1947
2560	1947
2563	1947
2562	1947
2565	1947
2564	1947
2567	1947
2566	1947
3845	1947
5029	1947
5028	1947
5021	1947
5020	1947
5023	1947
5022	1947
5025	1947
5024	1947
5027	1947
5026	1947
4440	1947
4441	1947
4442	1947
4443	1947
4444	1947
4445	1947
4446	1947
4447	1947
4448	1947
4449	1947
964	1947
965	1947
966	1947
967	1947
960	1947
961	1947
962	1947
963	1947
968	1947
969	1947
1537	1947
1536	1947
1535	1947
3091	1947
1245	1947
3097	1947
647	1947
1246	1947
1249	1947
648	1947
3236	1947
3237	1947
1618	1947
1619	1947
641	1947
3966	1947
1617	1947
3238	1947
1107	1947
3239	1947
1612	1947
640	1947
1961	1947
7113	1947
7112	1947
7111	1947
7110	1947
7117	1947
7116	1947
7115	1947
7114	1947
7119	1947
7118	1947
3964	1947
4499	1947
1678	1947
1679	1947
1674	1947
1675	1947
1676	1947
1677	1947
1670	1947
1671	264
1672	1947
1673	1947
3826	1947
3965	1947
4498	1947
1534	1947
645	1947
3962	1947
1418	1947
1419	1947
1410	1947
1411	1947
1412	1947
1413	1947
1414	1947
1415	1947
1416	1947
1417	1947
3963	1947
4208	1947
4209	1947
4202	1947
4203	1947
4200	1947
4201	1947
4206	1947
4207	1947
4204	1947
4205	1947
5568	1947
5569	1947
5564	1947
5565	1947
5566	1947
5567	1947
5560	1947
5561	1947
5562	1947
5563	1947
646	1947
308	1947
309	1947
300	1947
301	1947
302	1947
303	1947
304	1947
305	1947
306	1947
307	1947
2036	1947
3820	1947
4893	1947
4892	1947
2772	1947
2773	1947
4897	1947
4896	1947
4895	1947
4894	1947
470	1947
6118	1947
6119	1947
6114	1947
6115	1947
6116	1947
6117	1947
6110	1947
6111	1947
6112	1947
6113	1947
3429	1947
3428	1947
3423	1947
3422	1947
3421	1947
3420	1947
3427	1947
3426	1947
3425	1947
3424	1947
2002	1947
2003	1947
2000	1947
2001	1947
4589	1947
2007	1947
4859	1947
2005	1947
4585	1947
4584	1947
4855	1947
4854	1947
4581	1947
4580	1947
4851	1947
4850	1947
1087	1947
1086	1947
1085	1947
1084	1947
1083	1947
1082	1947
1081	1947
1080	1947
1089	1947
1088	1947
449	1947
448	1947
1339	1947
1338	1947
1335	1947
1334	1947
1337	1947
1336	1947
447	1947
446	1947
1333	1947
1332	1947
6932	1947
6933	1947
6930	1947
6931	1947
6936	1947
6937	1947
6934	1947
6935	1947
6938	1947
6939	1947
39	1947
38	1947
33	1947
32	1947
31	1947
30	1947
37	1947
36	1947
35	1947
34	1947
3467	1947
3466	1947
3465	1947
3464	1947
3463	1947
842	1947
4079	1947
4078	1947
4075	1947
4074	1947
4077	1947
4076	1947
4071	1947
4070	1947
4073	1947
4072	1947
5797	1947
3967	1947
5795	1947
5794	1947
5793	1947
5792	1947
5791	1947
5790	812
3968	1947
3969	1947
3638	1947
3639	1947
3636	1947
3637	1947
3634	1947
3635	1947
3632	1947
3633	1947
3630	1947
840	1947
3469	1853
3468	1947
4468	1947
4469	1947
4466	1947
4467	1947
4464	1947
4465	1947
4462	1947
4463	1947
4460	1947
4461	1947
948	1947
949	1947
946	1947
947	1947
944	1947
945	1947
942	1947
943	1947
940	1947
941	1947
6327	1947
6326	1947
6325	1947
6324	1947
6323	1947
6322	1947
6321	1947
6320	1947
6329	1947
6328	1947
6457	1947
7139	1947
7138	1947
4793	1947
7131	1947
7130	1947
7133	1947
7132	1947
7135	1947
7134	1947
7137	1947
7136	1947
1658	1947
1659	1947
1652	1947
1653	1947
1650	1947
1651	1947
1656	1947
1657	1947
1654	1947
1389	1947
586	1947
1739	1947
584	1947
585	1947
582	1947
583	1947
580	1947
1738	1947
588	1947
589	590
2839	1947
2838	1947
2837	2858
2836	1947
2835	1947
2834	1947
2833	1947
2832	1947
2831	1947
2830	1947
1436	1947
1437	1947
3393	1947
3392	1947
5403	1947
1433	1947
5401	1947
5400	1947
3399	1947
1380	1947
5409	1947
1439	1947
5230	1947
1730	1947
5232	1947
4260	1947
4261	1947
4262	1947
4263	1947
4264	1947
4265	1947
4266	1947
4267	1947
4268	1947
4269	1947
1734	1947
1887	1947
5236	1947
1886	1947
1736	1947
3700	1947
5548	1947
5549	1947
5542	1947
5543	1947
5540	1947
5541	1947
5546	1947
5547	1947
5544	1947
5545	1947
3704	1947
3705	1947
2120	1947
5890	1947
5891	1947
5892	1947
5893	1947
5894	1947
5895	1947
5896	1947
5897	1947
5898	1947
5899	1947
2124	1947
4918	1947
4862	1947
4919	1947
2129	1947
4665	1947
5453	1947
4914	1947
4915	1947
4863	1947
4912	1947
4661	4662
4910	1947
4911	1947
4860	1947
322	1947
323	1947
320	1947
321	1947
326	1947
327	1947
324	1947
325	1947
328	1947
329	1947
1595	1947
6138	1947
6139	1947
3071	1947
6132	1947
6133	1947
6130	1947
6131	1947
6136	1947
1597	1947
6134	1947
6135	1947
1596	1947
3074	1947
1590	1947
1593	1947
3077	1947
5176	1947
2248	1947
2249	1947
2244	1947
2245	1947
2246	1947
2247	1947
2240	1947
2241	1947
2242	1947
2243	1947
5178	1947
3401	1947
3400	1947
3403	1947
3402	1947
3405	1947
3404	1947
3407	1947
3406	1947
3409	1947
3408	1947
4875	1947
4874	1947
4877	1947
4876	1947
4871	1947
4870	1947
4873	1947
4872	1947
4879	1947
4878	1947
2068	1947
2069	1947
2798	1947
2799	1947
2792	1947
2061	1947
2790	1947
2791	1947
2796	1947
2797	1947
2794	1947
2795	1947
3257	1947
7096	1947
7097	1947
7094	1947
7095	1947
7092	1947
7093	1947
7090	1947
7091	1947
7098	1947
7099	1947
4883	1947
1359	1947
1358	1947
469	1947
468	1947
465	1947
1352	1947
467	1947
1350	1947
1357	1947
460	1947
1355	1947
462	1947
6958	1947
6959	1947
6488	1947
6489	1947
6482	1947
6951	1947
6480	1947
6953	1947
6486	1947
6487	1947
6484	1947
6485	1947
4885	1947
3184	1947
3185	1947
3186	1947
3187	1947
3180	1947
3181	1947
3182	1947
3183	1947
3188	1947
3189	1947
4019	1947
4018	1947
4013	1947
4012	590
4011	1947
4010	1947
4017	1947
4016	1947
4015	1947
4014	1947
3988	1947
3989	1947
3984	1947
3985	1947
3986	1947
3987	1947
3980	1947
3981	1947
3982	1947
3983	1947
5796	1947
1111	1947
1446	1947
1113	1947
289	1947
288	1947
1112	1947
281	1947
1115	1947
283	1947
282	1947
285	1947
284	1947
287	1947
1442	1947
1441	1947
1116	1947
3430	1947
1448	1947
2477	1947
2476	1947
2475	1947
2474	1947
2473	1947
2472	1947
2471	1947
2470	1947
2479	1947
2478	1947
3432	1947
1397	1947
6309	1947
6308	1947
6305	1947
6304	1947
6307	1947
6306	1947
6301	1947
6300	1947
6303	1947
6302	1947
2907	1947
2906	1947
1986	1947
3215	1947
3216	1947
1985	1947
3210	1947
3211	1947
3212	1947
3213	1947
1638	1947
1639	1947
2904	1947
3218	1947
3219	1947
1988	1947
1989	1947
2909	1947
2815	1947
2814	1947
2817	1947
2908	1947
2811	1947
2810	1947
2813	1947
2812	1947
560	1947
561	1947
562	1947
563	1947
2819	1947
2818	1947
566	1947
567	1947
5429	1947
5428	1947
3379	1947
3378	1947
5425	1947
3376	1947
5427	1947
5426	1947
3373	1947
5420	1947
5423	1947
5422	1947
4248	1947
4249	1947
4246	1947
4247	1947
4244	1947
4245	1947
4242	1947
4243	1947
4240	1947
4241	1947
5520	1947
5521	5861
5522	1947
5523	1947
5524	1947
5525	1947
5526	1947
5527	5267
5528	5267
5529	1947
48	1947
49	1947
46	1947
47	1947
44	1947
45	1947
42	1947
43	1947
40	1947
41	1947
4848	1947
6547	1947
6546	1947
6545	1947
6544	1947
6543	1947
6542	1947
6541	1947
6540	1947
4849	1947
6549	1947
6548	1947
344	1947
345	1947
346	1947
347	1947
340	1947
341	1947
342	1947
343	1947
348	1947
349	1947
6150	1947
6151	1947
6152	1947
6153	1947
6154	1947
2132	1947
6156	6156
6157	1947
6158	1947
6159	1947
4527	1947
4830	1947
4525	1947
4832	1947
4523	1947
4522	1947
4521	1947
4520	1947
4784	1947
2268	1947
2269	1947
2262	1947
2263	1947
2260	1947
2261	1947
2266	1947
2267	1947
2264	1947
2265	1947
4813	1947
4812	1947
4811	1947
4810	1947
4817	1947
4816	1947
4815	1947
4814	1947
4819	1947
4818	1947
2048	1947
2049	1947
1365	1947
7078	1947
7079	1947
7074	1947
7075	1947
7076	1947
7077	1947
7070	1947
7071	1947
7072	1947
7073	1947
6976	1947
6977	1947
6974	1947
6975	1947
6972	1947
6973	1947
6970	1947
6971	1947
6978	1947
6979	1947
4389	1947
4388	4388
4383	1947
4382	1947
4381	1947
4380	1947
4387	1947
4386	1947
4385	1947
4384	1947
1371	1947
1370	1947
1373	1947
404	1947
403	1947
402	1947
401	1947
1376	1947
1379	1947
1378	1947
409	1947
408	1947
4031	1947
4030	1947
4033	1947
4032	1947
4035	1947
4034	1947
4037	1947
4036	1947
4039	1947
4038	1947
2459	1947
2458	1947
2455	1947
2454	1947
2457	1947
2456	1947
2451	1947
2450	1947
2453	1947
2452	1947
1502	1947
1503	1947
1500	1947
6369	1947
6368	1947
6363	1947
6362	1947
6361	1947
6360	1947
6367	1947
6366	1947
6365	1947
6364	1947
1504	1947
1505	1947
3087	1947
3086	1947
1977	1947
3083	1947
1600	1947
659	1947
3227	1947
3226	1947
1973	1947
1972	1947
3223	1947
3222	1947
3232	1947
3233	1947
3230	1947
3231	1947
5199	1947
5198	1947
3234	1947
3235	1947
5195	1947
5194	1947
1614	1947
1615	1947
1960	1947
5190	1947
5193	1947
1963	1947
2873	1947
2872	1947
2871	1947
2870	1947
2877	1947
2876	1947
2875	1947
2874	1947
2879	1947
2878	1947
3355	1947
3354	1947
3357	1947
3356	1947
3351	1947
3350	1947
3353	1947
3352	1947
3359	1947
3358	1947
5449	1947
5448	1947
5443	1947
5442	1947
5441	1947
5440	1947
5447	1947
5446	1947
5445	1947
5444	1947
5508	1947
5509	1947
5506	1947
5507	1947
5504	1947
5505	1947
5502	1947
5503	1947
5500	1947
5501	1947
542	1947
543	1947
540	1947
541	1947
546	1947
547	1947
544	1947
545	1947
548	1947
549	1947
6155	1947
5137	1947
5476	1947
6569	1947
6568	1947
5477	1947
6565	1947
6564	1947
6567	1947
6566	1947
6561	1947
6560	1947
6563	1947
6562	1947
5475	1947
5472	1947
5473	1947
3827	1947
3580	1947
3825	1947
3824	1947
3823	1947
3822	1947
3821	1947
5002	1947
5471	1947
5001	1947
3829	1947
3828	1947
5000	1947
5007	1947
5135	1947
5006	1947
5005	1947
5004	1947
368	1947
369	1947
366	1947
367	1947
364	1947
365	1947
362	1947
363	1947
360	1947
361	1947
5008	1947
6178	1947
6179	1947
6176	1947
6177	1947
6174	1947
6175	1947
6172	1947
6173	1947
6170	1947
6171	1947
5132	1947
3217	1947
2200	1947
2201	1947
2202	1947
2203	1947
2204	1947
2205	1947
2206	1947
2207	1947
2208	1947
2209	1947
5130	1947
4428	1947
4429	1947
4839	1947
4838	1947
4529	1947
4528	1947
4831	1947
4526	1947
4833	1947
4524	1947
4835	1947
4834	1947
4837	1947
4836	1947
4420	1947
4421	1947
5298	1947
5299	1947
5296	1947
5297	1947
5294	1947
5295	1947
5292	1947
5293	1947
5290	1947
5291	1947
4425	1947
4987	1947
5510	1947
7058	1947
7059	1947
7052	1947
7053	1947
7050	1947
7051	1947
7056	1947
7057	1947
7054	1947
7055	1947
5516	1947
6998	1947
6999	1947
4913	1947
6994	1947
6995	6995
6996	1947
6997	1947
6990	3817
6991	1947
6992	1947
6993	1947
2998	1947
2999	1947
59	1947
58	1947
55	1947
54	1947
57	1947
56	1947
51	1947
50	1947
53	1947
52	1947
2990	1947
2991	1947
1940	1947
2992	1947
2993	1947
2994	1947
2995	1947
2996	1947
2997	1947
429	1947
428	1947
1399	1947
1398	1947
421	1947
420	1947
423	1947
422	1947
425	1947
424	1947
427	1947
426	1947
854	1947
855	1947
856	1947
857	1947
850	1872
851	1947
852	1947
853	1947
1422	1947
1425	1947
3474	1947
2330	1947
1424	1947
2331	1947
3475	1947
2332	1947
5474	1947
2333	1947
2334	1947
2335	1947
2336	1947
4713	1947
6699	1947
6698	1947
6693	1947
6692	1947
6691	1947
6690	1947
6697	1947
6696	1947
6695	1947
6694	1947
2439	1947
2438	1947
2433	1947
2432	1947
2431	1947
2430	1947
2437	1947
2436	1947
2435	1947
2434	1947
6341	1947
6340	1947
6343	4127
6342	1947
6345	4127
6344	1947
6347	1947
6346	4127
6349	1947
6348	1947
5470	1947
3782	1947
3783	1947
1805	1947
3781	1947
1803	1947
3787	1947
3784	1947
1800	1947
3788	1947
3789	1947
1809	1947
1808	1947
4996	1947
4997	1947
4994	1947
4995	1947
4992	1947
4993	1947
4990	1947
6511	1947
4998	1947
4999	1947
1547	1947
6517	1947
3258	1947
3259	1947
1948	1947
1949	1947
1942	1947
1943	1947
3252	1947
1941	1947
1946	1947
1947	1947
3256	1947
1945	1947
2859	2858
2858	2858
2851	1947
2850	1947
2853	1947
2852	1947
2855	1947
2854	1947
2857	2857
2856	2857
5461	1947
1491	1947
5463	1947
5462	1947
5465	1947
5464	1947
5467	1947
1497	1947
1498	1947
1499	1947
3339	1947
1968	1947
1395	1947
1394	1947
1393	1947
1392	1947
1391	1947
1969	1947
1390	1947
524	1947
525	1947
526	1947
527	1947
520	1947
521	1947
522	1947
523	1947
528	1947
529	1947
1234	1947
1235	1947
1236	1947
1237	1947
1230	1947
1231	1947
1232	1947
1233	1947
1238	1947
1239	1947
1964	1947
6509	1947
6508	1947
2488	1947
6503	1947
6502	1947
6501	1947
6500	1947
6507	1947
6506	1947
6505	1947
6504	1947
2486	1947
2487	1947
4675	1947
4674	1947
3809	1947
3808	1947
3805	1947
4673	1947
3807	1947
3806	1947
3801	1947
3800	1947
3803	1947
4904	1947
2480	2482
4670	1947
1967	1947
4174	1947
4175	1947
4176	1947
4177	1947
4170	1947
4171	1947
4172	1947
4173	1947
4178	1947
4179	1947
1962	1947
2228	1947
2229	1947
2226	1947
2227	1947
2224	1947
2225	1947
2222	1947
2223	1947
2220	1947
2221	1947
1	1947
5925	1947
5926	1947
5927	1947
5920	1947
5921	1947
5922	1947
5923	1947
5928	1947
5929	1947
4505	1947
4504	1947
4507	1947
4506	1947
4501	1947
4500	1947
4503	1947
4502	1947
4509	1947
4508	1947
2088	1947
2089	1947
2082	1947
2083	1947
2080	1947
2081	1947
2086	1947
2087	1947
2084	1947
2085	1947
7030	1947
7031	1947
7032	1947
7033	1947
7034	1947
7035	1947
7036	1947
7037	1947
7038	1947
7039	1947
1009	1947
1008	1947
1007	1947
1006	1947
1005	1947
1004	1947
1003	1947
1002	1947
1001	1947
1000	1947
4349	1947
4348	1947
4347	1947
4346	1947
4345	1947
4344	1947
4343	1947
4342	1947
4341	1947
4340	1947
5719	1947
5718	1947
5717	1947
5716	1947
5715	1947
5714	1947
5713	1947
5712	1947
5711	1947
5710	1947
3305	1947
5090	1947
3574	1947
5092	1947
5093	1947
5094	1947
5095	1947
5096	1947
5097	1947
4497	1947
4496	1947
4495	1947
4494	1947
4493	1947
4492	1947
4491	1947
4490	1947
1829	1947
1828	1947
1825	1947
1824	1947
1827	1947
1826	1947
1821	1947
1820	1947
1823	1947
1822	1947
2411	1947
2410	1947
2145	1947
2144	1947
2143	1947
2142	1947
2141	1947
2416	1947
2419	1947
2418	1947
4976	1947
4977	1947
4970	1947
4971	1947
2149	1947
4973	1947
3311	1947
3276	1947
3277	1947
1922	1947
1923	1947
1924	1947
3273	1947
1926	1947
1927	1947
1928	1947
1929	1947
3278	1947
3279	1947
5586	1947
5587	1947
5584	1947
3319	1947
3318	1947
5585	1947
4586	1947
5488	1947
5487	1947
5486	1947
5485	1947
5484	1947
5483	1947
5482	1947
5481	1947
5480	1947
5580	1947
5581	1947
60	1947
61	1947
62	1947
63	1947
64	1947
65	1947
66	1947
67	1947
68	1947
69	1947
508	1947
509	1947
506	1947
507	1947
504	1947
505	1947
502	1947
503	1947
500	1947
501	1947
630	1947
631	1947
632	1947
1211	1947
634	1947
635	1947
1214	1947
1215	1947
638	1947
639	1947
1218	1947
1219	1947
6521	1947
6520	1947
6523	1947
6522	1947
6525	1947
6524	1947
6527	1947
6526	1947
6529	1947
6528	1947
3869	1947
3868	1947
3863	1947
3862	1947
3861	1947
3860	1947
3867	1947
3866	1947
3865	1947
3864	1947
4152	1947
4153	1947
4150	1947
4151	1947
4156	1947
4157	1947
4154	1947
4155	1947
4158	1947
4159	1947
5902	1947
5903	1947
5900	1947
5901	1947
5906	4695
5907	1947
5904	1947
5905	1947
5908	1947
5909	1947
3489	1947
3488	1947
3481	1947
3480	1947
3483	1947
3482	1947
3485	1947
3484	1947
3487	1853
3486	1947
4563	1947
4562	1947
4561	1947
4560	1947
4567	1947
4566	1947
4565	1947
4564	1947
4569	1947
4568	1947
6064	1947
6065	1947
6066	1947
6067	1947
6060	1947
6061	1947
6062	1947
6063	1947
6068	1947
6069	1947
2604	1947
2605	1947
2606	1947
5450	1947
2600	1872
2601	1947
2602	1947
2603	1947
2608	1947
2609	1947
7018	1947
7019	1947
7016	1947
7017	1947
7014	1947
7015	1947
7012	1947
7013	1947
7010	1947
7011	1947
732	1947
5454	1947
753	1947
752	1947
751	1947
750	1947
757	1947
756	1947
755	1947
1806	1947
759	1947
758	1947
3780	1947
1804	1947
2958	1947
2959	1947
738	1947
2954	1947
5455	1947
2956	1947
2957	1947
2950	1947
2951	1947
2952	1947
2953	1947
1025	1947
5345	1947
5346	1947
1026	1947
1021	1947
1020	1947
1023	1947
5343	1947
3785	1947
5348	1947
5349	1947
5456	1947
4365	1947
4364	1947
4367	1947
4366	1947
4361	1947
4360	1947
4363	1947
4362	1947
4369	1947
4368	1947
5457	1947
3108	1947
3109	1947
3104	1947
3105	1947
3106	1947
3107	1947
3100	1947
3101	1947
3102	1947
3103	1947
5	1947
4093	1947
4092	1947
4091	1947
4090	1947
4097	1947
4096	1947
4095	1947
4094	1947
4099	1947
4991	4991
5735	1947
5734	1947
5737	1947
5736	1947
5731	1947
5730	1947
5733	1947
5732	1947
5739	1947
5738	1947
1563	1947
1564	1947
1565	1947
6659	1947
6658	1947
6657	1947
6656	1947
6655	1947
6654	1947
6653	1947
6652	1947
6651	1947
6650	1947
2125	1947
6385	1947
6384	1947
6387	1947
6386	1947
6381	1947
6380	1947
6383	1947
6382	1947
6389	1947
6388	1947
2381	1947
2380	1947
2383	1947
2382	1947
2385	1947
2384	1947
2387	1947
2386	1947
2389	1947
2388	1947
1849	1947
1848	1947
1843	1947
1842	1947
1841	1947
1840	1947
1847	1947
1846	1947
1845	1947
1844	1947
3250	1947
4958	1947
4959	1947
2169	1947
2168	1947
3251	1947
2165	1947
2164	1947
2167	1947
2166	1947
4956	1947
2160	1947
2163	1947
2162	1947
3253	1947
3254	1947
3255	1947
3298	1947
1944	1947
1908	1947
1909	1947
3294	1947
1907	1947
3296	1947
5134	1947
1902	1947
1903	1947
1900	1947
3293	1947
1732	1947
2573	1947
6891	5861
6890	1947
6893	1947
6892	1947
6895	1947
6894	1947
6897	1947
6896	1947
6899	1947
6898	1947
5234	1947
1278	1947
1279	1947
618	1947
619	1947
2042	1947
612	1947
613	1947
610	1947
1273	1947
616	1947
1275	1947
614	1947
615	1947
1490	1947
2043	1947
5460	1947
1492	1947
1493	1947
1494	1947
1495	1947
1496	1947
5466	1947
5469	1947
5468	1947
3338	1947
3595	1947
5039	1947
3599	1947
3598	1947
4138	1947
4139	1947
5375	1947
4130	1947
4131	1947
4132	1947
4133	1947
4134	1947
4135	1947
4136	1947
4137	1947
5692	1947
5693	1947
5690	1947
5691	1947
5696	1947
5697	1947
5694	1947
5695	1947
3849	1947
3848	1947
5698	1947
5699	1947
1077	1947
5968	1947
5969	1947
5960	1947
5961	1947
5962	1947
5963	1947
5964	1947
5965	1947
5966	1947
5967	5861
4549	1947
4548	1947
4541	1947
4540	1947
4543	1947
4542	1947
4545	1947
4544	1947
4547	1947
4546	1947
1073	1947
2594	1947
2595	1947
2596	1872
2597	1947
2590	1947
2591	1947
2592	1947
2593	1947
2598	1872
2599	1872
1070	1947
6042	1947
6043	1947
6040	1947
6041	1947
6046	1947
6047	1947
6044	1947
6045	1947
5372	1947
6048	1947
6049	1947
2622	1947
2623	1947
2620	1947
2621	1947
2626	1947
2627	1947
2624	1947
2625	1947
2628	1947
2629	1947
775	1947
774	1947
777	1947
776	1947
771	1947
770	1947
773	1947
772	1947
779	1947
778	1947
77	1947
76	1947
2978	1947
2979	1947
73	1947
72	1947
71	1947
70	1947
2972	1947
2973	1947
2970	1947
2971	1947
2976	1947
2977	1947
2974	1947
2975	1947
1043	1947
1042	1947
5360	1947
1040	1947
5366	1947
5367	1947
5364	1947
5365	1947
5368	1947
5369	1947
1506	1947
4303	1947
4302	1947
4301	1947
4300	1947
4307	1947
4306	1947
4305	1947
4304	1947
841	1947
4309	1947
4308	1947
1507	1947
3128	1947
3129	1947
3122	1947
3123	1947
3120	1947
3121	1947
3126	1947
3127	1947
3124	1947
3125	1947
5753	1947
5752	1947
5751	1947
5750	1947
5757	1947
5756	1947
5755	1947
5754	1947
5759	1947
5758	1947
3445	1947
4609	1947
3444	1947
3447	1947
862	1947
865	1947
864	1947
3443	1947
3442	1947
2756	1947
2757	1947
2754	1947
2755	1947
2752	1947
2753	1947
4707	1947
2750	1947
4706	1947
2023	1947
4604	1947
4705	1947
6675	1947
6674	1947
6677	1947
6676	1947
6671	1947
6670	1947
6673	1947
6672	1947
4703	1947
6679	1947
6678	1947
4702	1947
2325	1947
4700	1947
5197	1947
4801	1947
5196	1947
2369	1947
2368	1947
2367	1947
2366	1947
2365	1947
2364	1947
2363	1947
2362	1947
2361	1947
2360	1947
5191	1947
1861	1947
1860	1947
1863	1947
1862	1947
3728	1947
1864	1947
1867	1947
1866	1947
1869	1947
1868	1947
3726	1947
3727	1947
3720	1947
3721	1947
3722	1947
3723	1947
4930	1947
4931	1947
4932	1947
4933	1947
4934	1947
4935	1947
4936	1947
4681	1947
4938	1947
1613	1947
4688	1947
4689	1947
2109	1947
2108	1947
2103	1947
2102	1947
2101	1947
2100	1947
2107	1947
2106	1947
2105	1947
2104	1947
5115	1947
5114	1947
5117	1947
5116	1947
5111	1947
5110	1947
5113	1947
1610	1947
5119	1947
5118	1947
1611	1947
9	1947
890	1947
891	1947
892	1947
893	1947
894	1947
895	1947
896	1947
897	1947
898	1947
899	1947
1788	1947
1789	1947
1780	1947
1781	1947
1782	1947
1783	1947
1784	1947
1785	1947
1786	1947
1787	1947
6879	1947
6878	1947
6877	1947
6876	1947
6875	1947
6874	1947
6873	1947
6872	1947
6871	1947
6870	1947
3804	1947
678	1947
679	1947
674	1947
675	1947
676	1947
677	1947
670	1947
671	1947
672	1947
673	1947
4649	1947
3802	1947
4642	1947
4643	1947
4640	1947
4641	1947
4646	1947
1965	1947
4647	1947
4644	1947
4645	1947
1256	1947
1257	1947
1254	1947
1255	1947
1520	1947
1253	1947
1250	1947
1251	1947
1528	1947
1529	1947
1258	1947
1259	1947
4116	1947
4117	1947
4114	1947
4115	1947
4112	1947
4113	1947
4110	1947
4111	1947
4118	1947
4119	1947
3343	1947
7103	1947
3340	1947
7109	1947
3341	1947
5946	1947
5947	1947
5944	1947
5945	1947
5942	1947
5943	1947
5940	1947
5941	1947
5948	1947
5949	1947
1602	1947
3344	1947
141	1947
6028	1947
6029	1947
6020	1947
6021	1947
6022	1947
6023	1947
6024	1947
6025	1947
6026	1947
6027	1947
2648	1947
2649	1947
2640	1947
2641	1947
2642	1947
2643	1947
2644	1947
2645	1947
2646	1947
2647	1947
6955	1947
3557	1947
3556	1947
3555	1947
3554	1947
3553	1947
3552	1947
3551	1947
3550	1947
3559	1947
3558	1947
2910	1947
2911	1947
2912	1947
2913	1947
2914	1947
2915	1947
2916	1947
718	1947
717	1947
716	1947
715	1947
714	1947
713	1947
712	1947
711	1947
710	1947
1069	1947
1068	1947
1061	1947
1060	1947
1063	1947
1062	1947
1065	1947
1064	1947
1067	1947
1066	1947
6956	1947
4329	1947
4328	1947
4321	1947
4320	1947
4323	1947
4322	1947
4325	1947
4324	1947
4327	1947
4326	1947
3140	1947
3141	1947
3142	1947
3143	1947
3144	1947
3145	1947
3146	1947
3147	1947
3148	1947
3149	1947
1630	1947
5779	1947
5778	1947
5771	1947
5770	1947
5773	1947
5772	1947
5775	1947
5774	1947
5777	1947
5776	1947
1632	1947
1633	1947
1634	1947
6613	1947
6612	1947
6611	1947
6610	1947
6617	1947
6616	1947
6615	1947
6614	1947
6619	1947
6618	1947
3500	1947
1636	1947
3501	1947
3502	1947
3503	1947
3504	1947
3505	1947
1637	1947
3506	1947
3507	1947
2345	1947
2344	1947
2347	1947
2346	1947
2341	1947
2340	1947
2343	1947
2342	1947
2349	1947
2348	1947
2067	1947
3708	1947
3709	1947
1889	1947
1888	1947
3702	1947
3703	1947
1885	1947
3701	1947
3706	1947
3707	1947
1881	1947
1880	1947
2121	1947
6446	1947
2123	1947
2122	1947
4668	1947
4669	1947
2127	1947
2126	1947
4664	1947
2128	1947
4666	1947
4667	1947
4660	4662
6444	1947
4662	4662
4663	1947
6917	1947
6910	1947
6911	1947
5173	1947
5172	1947
5171	1947
5170	5170
5177	1947
6440	1947
5175	1947
5174	1947
5179	1947
6441	1947
133	1947
132	1947
131	1947
130	1947
137	1947
136	1947
135	1947
134	1947
139	1947
138	1947
5924	1947
6855	1947
6854	1947
6857	1947
6856	1947
6851	1947
6850	1947
6853	1947
6852	1947
6859	1947
6858	1947
5339	1947
88	1947
89	1947
82	1947
83	1947
80	1947
81	1947
86	1947
87	1947
84	1947
85	1947
6583	1947
6582	1947
6581	1947
6580	1947
6587	1947
6586	1947
6585	1947
6584	1947
6589	1947
6588	1947
3368	1947
656	1947
657	1947
654	1947
655	1947
652	1947
653	1947
650	1947
651	1947
3085	1947
3084	1947
1508	1947
1509	1947
3081	1947
3080	1947
658	1947
3082	1947
3369	1947
3885	1947
3884	1947
3887	1947
3886	1947
3881	1947
3880	1947
3883	1947
3882	1947
3889	1947
3888	1947
2484	1947
1884	1947
1883	1947
7123	1947
1882	1947
3960	1947
6006	1947
6007	1947
6004	1947
6005	1947
6002	1947
6003	3817
6000	1947
6001	1947
6008	1947
6009	1947
995	1947
994	1947
997	1947
996	1947
991	1947
990	1947
993	1947
992	1947
999	1947
998	1947
5098	1947
5099	1947
3579	1947
3578	1947
3575	1947
5091	1947
3577	1947
3576	1947
3571	1947
3570	1947
3573	1947
3572	1947
2666	1947
2667	1947
2664	1947
2665	1947
2662	1947
2663	1947
2660	1947
2661	1947
2668	1947
2669	1947
2938	1947
2939	1947
2936	1947
2937	1947
2934	1947
2935	1947
2932	1947
2933	1947
2930	1947
2931	1947
5326	1947
5327	1947
5324	1947
5325	1947
5322	1947
5323	1947
5320	1947
5321	1947
3799	1947
5328	1947
1837	1947
1396	1947
1743	1947
3797	1947
1839	1947
2161	1947
3168	1947
3169	1947
3166	1947
3167	1947
3164	1947
3165	1947
3162	1947
3163	1947
3160	1947
3161	1947
2406	1947
2407	1947
4983	1947
731	1947
730	1947
733	1947
4982	1947
735	1947
734	1947
737	1947
736	1947
739	1947
2150	1947
2403	1947
2400	1947
4986	1947
2006	1947
6639	1947
6638	1947
6631	1947
6630	1947
6633	1947
6632	1947
6635	1947
6634	1947
6637	1947
6636	1947
2008	1947
2323	1947
2322	1947
2321	1947
2320	1947
2327	1947
2326	1947
4701	1947
2324	1947
2329	1947
2328	1947
4709	1947
4708	1947
3760	1947
3761	1947
3762	1947
3763	1947
3764	1947
3765	1947
3766	1947
3767	1947
3768	1947
3769	1947
1560	1947
1792	1947
1561	1947
1616	1947
286	1947
1562	1947
2499	1947
2498	1947
4648	1947
1291	1947
2491	1947
2490	1947
2493	1947
2492	1947
2495	1947
2494	1947
2497	1947
2496	1947
1566	1947
1567	1947
5159	1947
5158	1947
5151	1947
5150	1947
5153	1947
5152	1947
5155	1947
5154	1947
5157	1947
5156	1947
115	1947
114	1947
117	1947
116	1947
111	1947
110	1947
113	1947
112	1947
3244	1947
119	1947
118	1947
1330	1947
6833	1947
6832	1947
6831	1947
6830	1947
6837	1947
6836	1947
6835	1947
6834	1947
6839	1947
6838	1947
1748	1947
1749	1947
1744	1947
5498	1947
1746	1947
1747	1947
1740	1947
1741	1947
1742	1947
5499	1947
3308	1947
3309	1947
5494	1947
5495	1947
5496	1947
1802	1947
5497	1947
5490	1947
5491	1947
1568	1947
1569	1947
1298	1947
1299	1947
5492	1947
1292	1947
1293	1947
1290	1947
5493	1947
1296	1947
1297	1947
1294	1947
1295	1947
5638	1947
5639	1947
5634	1947
5635	1947
5636	1947
5637	1947
5630	1947
5631	1947
5632	1947
5633	1947
