22
0.00596058657062
5988	744
5989	744
5982	744
5983	744
5980	744
5981	744
5986	744
5987	744
5984	744
5985	744
6796	744
6797	744
6794	744
6795	744
6792	744
6793	744
6790	744
6791	744
6798	744
6799	744
2147	744
270	744
271	744
272	744
273	744
274	744
275	744
276	744
277	744
278	744
279	744
2146	744
3282	744
3519	744
3518	744
3513	744
3512	744
3511	744
3510	744
3517	744
3516	744
3515	744
3514	744
2688	744
2689	744
2684	744
2685	744
2686	744
2687	744
2680	744
2681	744
2682	744
2683	744
99	744
98	744
91	744
90	744
93	744
92	744
95	744
94	744
97	744
96	744
1177	744
1176	744
1175	744
1174	744
1173	744
1172	744
1171	744
1170	744
1179	744
1178	744
7188	744
7189	744
877	744
7180	744
7181	744
7182	744
7183	744
7184	744
7185	744
7186	744
7187	744
623	744
3433	744
622	744
3434	744
1225	744
873	744
620	744
870	744
627	744
871	744
626	744
2741	744
625	744
4593	744
624	744
4590	744
4591	744
2033	744
2032	744
4594	744
2746	744
4844	744
4845	744
4846	744
4847	744
2318	744
2319	744
2039	744
2038	744
2314	744
2315	744
393	744
392	744
391	744
390	744
397	744
396	744
395	744
394	744
399	744
398	744
2309	744
2308	744
4729	744
4728	744
4725	744
4724	744
4727	744
4726	744
4721	744
4720	744
4723	744
4722	744
5847	744
5846	744
5845	744
5844	744
5843	744
5842	744
5841	744
5840	744
5849	744
5848	744
3748	744
3749	744
3746	744
3747	744
3744	744
3745	744
3742	744
3743	744
3740	744
3741	744
4620	744
4621	744
4622	744
4623	744
4624	744
4625	744
4626	744
4627	744
4628	744
4629	744
179	744
178	744
177	744
176	744
175	744
174	744
173	744
172	744
171	744
170	744
7218	744
7219	744
7210	744
7211	744
7212	744
7213	744
7214	744
7215	744
7216	744
7217	744
6217	744
6216	744
6215	744
6214	744
6213	744
6212	744
6211	744
6210	744
6219	744
6218	744
6819	744
6818	744
6811	744
6810	744
6813	744
6812	744
6815	744
6814	744
6817	744
6816	744
1601	744
1768	744
1769	744
1762	744
1763	744
1760	744
1761	744
1766	744
1767	744
1764	744
1765	744
1546	744
693	744
690	744
691	744
696	744
697	744
694	744
695	744
698	744
699	744
1548	744
1549	744
5618	744
5619	744
5612	744
5613	744
5610	744
5611	744
5616	744
5617	744
5614	744
5615	744
6778	744
6779	744
6774	744
6775	744
6776	744
6777	744
6770	744
6771	744
6772	744
6773	744
258	744
259	744
252	744
253	744
250	744
251	744
256	744
257	744
254	744
255	744
3689	744
3688	744
3683	744
3682	744
3681	744
3680	744
3687	744
3686	744
3685	744
3684	744
2518	744
2519	744
2514	744
2515	744
2516	744
2517	744
2510	744
2511	744
2512	744
2513	744
3531	744
3530	744
3533	744
3532	744
5058	744
5059	744
3537	744
3536	744
3539	744
5055	744
5056	744
5057	744
5050	590
5051	590
5052	744
5053	744
1159	744
1158	744
1155	744
1154	744
1157	744
1156	744
1151	744
1150	744
1153	744
1152	744
4299	744
4298	744
4295	744
4294	744
4297	744
4296	744
4291	744
4290	744
4293	744
4292	744
4749	744
4748	744
4743	744
4742	744
4741	744
4740	744
4747	744
4746	744
4745	744
4744	744
5869	744
5868	744
5865	744
5864	744
5867	744
5866	744
5861	5967
5860	744
5863	744
5862	744
2183	744
2182	744
2181	744
2180	744
2187	744
2186	744
2185	744
2184	744
4606	744
4607	744
2189	744
2188	744
4602	744
4603	744
4600	744
4601	744
6907	744
6906	744
6453	744
6452	744
6455	744
6902	744
151	744
150	744
153	744
152	744
155	744
154	744
157	744
156	744
159	744
158	744
6900	744
6187	744
6186	744
6185	744
6184	744
6183	744
6182	744
6181	744
6180	744
6954	744
6189	744
6188	744
2727	744
2726	744
2725	744
2724	744
2723	744
2722	744
2721	744
2720	744
2729	744
2728	744
7234	744
7235	744
7232	744
7233	744
7230	744
7231	744
692	744
6239	744
6238	744
3089	744
6235	744
6234	744
6237	744
6236	744
6231	744
6230	744
6233	744
6232	744
3088	744
818	744
819	744
810	744
811	744
812	744
813	744
814	744
815	744
816	744
817	744
1700	744
1701	744
5265	744
5264	744
1704	744
1705	744
1706	744
1707	744
1708	744
1709	744
2097	744
5269	744
5268	744
2096	744
4574	744
4575	744
2093	744
4577	744
3959	744
3029	744
3028	744
3027	744
3026	744
3025	744
3024	744
3023	744
3022	744
3021	744
3020	744
4198	744
4199	744
4196	744
4197	744
4194	744
4195	744
4192	744
4193	744
4190	744
4191	744
5670	744
5671	744
5672	744
5673	744
5674	744
5675	744
5676	744
5677	744
5678	744
5679	744
473	744
6437	744
6436	744
6435	744
6434	744
6433	744
6432	744
6431	744
6430	744
6439	744
6438	744
6758	744
6759	744
6752	744
6753	744
6750	744
6751	744
6756	744
6757	744
6754	744
6755	744
238	744
239	744
234	744
235	744
236	744
237	744
230	744
231	744
232	744
233	744
4680	744
2538	744
2539	744
2532	744
2533	744
2530	744
2531	744
2536	744
2537	744
2534	73
2535	73
5078	744
5079	744
5072	744
5073	744
5070	744
5071	744
5076	744
5077	744
5074	744
5075	744
939	744
938	744
933	744
932	744
931	744
930	744
937	744
936	744
935	744
934	744
5380	744
5381	744
5382	744
5383	744
5384	744
5385	744
5386	744
5387	744
5388	744
5389	744
797	744
796	744
795	744
794	744
793	744
792	744
791	744
790	744
2413	744
799	744
798	744
2412	744
2415	744
2414	744
1139	744
1138	744
2417	744
1133	744
1132	744
1131	744
1130	744
1137	744
1136	744
1135	744
1134	744
4974	744
4975	744
7148	744
7149	744
7144	744
7145	744
7146	744
7147	744
7140	744
7141	744
7142	744
7143	744
4972	744
2148	744
2882	744
2883	744
2880	744
2881	744
2886	744
2887	744
2884	744
2885	744
2888	744
2889	744
2	744
1920	744
1921	744
3274	744
3275	744
3272	744
3310	744
1925	744
3270	744
3271	744
4761	744
4760	744
4763	744
4762	744
4765	744
4764	744
4767	744
4766	744
4769	4770
4768	744
5809	744
5808	744
5803	744
5802	744
5801	744
5800	744
5807	744
5806	744
5805	744
5804	744
685	744
1572	744
687	744
1570	744
1577	744
680	744
1575	744
682	744
3313	744
4888	744
4889	744
2709	744
2708	744
2705	744
2704	744
2707	744
2706	744
4884	744
2700	744
4886	744
2702	744
6259	744
6258	744
6253	744
6252	744
6251	744
6250	6376
6257	744
6256	744
6255	744
6254	744
475	744
832	744
833	744
830	744
831	744
836	744
837	744
834	744
3473	744
838	744
839	744
3478	744
3479	744
5249	744
5248	744
1728	744
1729	744
1726	744
5244	744
1724	744
1725	744
1722	744
1723	744
1720	744
1721	744
5489	744
3005	744
3004	744
3007	744
3006	744
3001	744
3000	744
3003	744
3002	744
3009	744
3008	744
1588	744
1589	744
1582	744
1583	744
1580	744
1581	744
1586	744
1587	744
1584	744
1585	744
3317	744
3316	744
1635	744
5658	744
5659	744
5656	744
5657	744
5654	744
5655	744
5652	744
5653	744
5650	744
5651	744
6419	744
6418	744
6415	744
6414	744
6417	744
6416	744
6411	744
6410	744
6413	744
6412	744
3917	744
3916	744
3915	744
3914	744
3913	744
3912	744
3911	744
3910	744
3919	744
3918	744
6730	744
6731	744
6732	744
6733	744
6734	744
6735	744
6736	744
6737	744
6738	744
6739	744
216	744
217	744
214	744
215	744
212	744
213	744
210	744
211	744
218	744
219	744
6088	744
6089	744
6086	744
6087	744
6084	744
6085	744
6082	744
6083	744
6080	744
6081	744
3649	744
3648	744
3647	744
3646	744
3645	744
3644	744
3643	744
3642	744
3641	744
3640	744
2550	744
2551	744
2552	744
2553	744
2554	744
2555	744
2556	744
2557	744
2558	744
2559	744
5010	744
5011	744
5012	744
5013	744
5014	744
5015	744
5016	744
5017	744
5018	744
5019	744
4419	744
4418	744
4417	744
4416	744
4415	744
4414	744
4413	744
4412	744
4411	744
4410	744
919	744
918	744
915	744
914	744
917	744
916	744
911	744
910	744
913	744
912	744
7168	744
7169	744
7162	744
7163	744
7160	744
7161	744
7166	744
7167	744
7164	744
7165	744
1212	744
1807	744
1213	744
1210	744
633	744
1605	744
1216	744
1217	744
636	744
637	744
1447	744
1110	744
1445	744
1444	744
1443	744
1114	744
1117	744
1440	744
1119	744
1118	744
1449	744
4588	744
2004	744
4858	744
4857	744
4856	744
4587	744
2009	744
4853	744
4852	744
2301	744
4583	744
2300	744
4582	744
2303	744
2302	744
2305	744
2304	744
2307	744
4789	744
4788	744
4787	744
4786	744
4785	744
2306	744
4783	744
4782	744
4781	744
4780	744
5821	744
5820	744
5823	744
5822	744
5825	744
5824	744
5827	744
5826	744
5829	744
5828	744
1801	744
1182	744
199	744
198	744
195	744
194	744
197	744
196	744
191	744
190	744
193	744
192	744
2769	744
2768	744
2763	744
2762	744
2761	744
2760	744
2767	744
2766	744
2765	744
2764	744
6271	744
6270	744
6273	744
6272	744
6275	744
6274	744
6277	744
6276	744
6279	744
6278	744
1183	744
4916	744
3452	744
3453	744
3450	744
3451	744
3456	744
3457	744
3454	744
3455	744
3458	744
3459	744
858	744
859	744
6	744
5229	744
5228	744
5223	744
5222	744
5221	744
5220	744
5227	744
5226	744
5225	744
5224	744
3063	744
3062	744
3061	744
3060	744
3067	744
3066	744
3065	744
3064	744
3069	744
3068	744
1304	744
1305	744
1306	744
1307	744
1300	744
1301	744
1302	744
1303	744
1308	744
1309	744
498	744
499	744
494	744
495	744
496	744
497	744
490	744
491	744
492	744
493	744
6479	744
6478	744
6473	744
6472	744
6471	744
6470	744
6477	744
6476	744
6475	744
6474	744
3939	744
3938	744
3935	744
3934	744
3937	744
3936	744
3931	744
3930	744
3933	744
3932	744
1241	744
6718	744
6719	744
6716	744
6717	744
6714	744
6715	744
6712	744
6713	744
6710	744
6711	744
1604	744
4044	744
4045	744
4046	744
4047	744
4040	744
4041	744
4042	744
4043	744
4048	744
4049	744
3665	744
3664	744
3667	744
3666	744
3661	744
3660	744
3663	744
3662	744
3669	744
3668	744
2578	744
2579	744
2576	744
2577	744
2574	744
2575	744
2572	744
5583	744
2570	744
2571	744
3593	744
3592	744
3591	744
3590	744
3597	744
3596	744
5038	744
3594	744
5036	744
5037	744
5034	744
5035	744
5032	744
5033	744
5030	744
5031	744
4435	744
4434	744
4437	744
4436	744
4431	744
4430	744
4433	744
4432	744
4439	744
4438	744
977	744
976	744
975	744
974	744
973	744
972	744
971	744
970	744
979	744
978	744
1243	744
3386	744
3387	744
3384	744
7100	744
7101	744
7102	744
3385	744
7104	744
7105	744
7106	744
7107	5991
7108	744
5410	744
5411	744
5412	744
5413	744
1681	744
1680	744
1683	744
1682	744
1685	744
1684	744
1687	744
1686	744
1689	744
1688	744
4917	744
1469	744
1468	744
1465	744
1464	744
1467	744
1466	744
1461	744
1460	744
1463	744
1462	744
4239	744
4238	744
4237	744
4236	744
4235	744
4234	744
4233	744
4232	744
4231	744
4230	744
5591	744
5590	744
5593	744
5592	744
5595	744
5594	744
5597	744
5596	744
5599	744
5598	744
319	744
318	744
313	744
312	744
311	744
310	744
317	744
316	744
315	744
314	744
3299	744
443	744
442	744
441	744
440	744
1331	744
4218	744
445	744
444	744
405	744
2299	744
2298	744
2293	744
2292	744
2291	744
2290	744
2297	744
2296	744
2295	744
2294	744
6299	744
6298	744
6297	744
6296	744
6295	744
6294	744
6293	744
6292	744
6291	744
6290	744
4704	744
5574	744
4672	744
3438	744
3439	744
878	744
879	744
876	744
3431	744
874	744
875	744
872	744
3435	744
3436	744
3437	744
4592	744
2740	744
2743	744
2742	744
2745	744
2744	744
2031	744
2030	744
2749	744
2748	744
4598	744
4599	744
4840	744
4841	744
4842	744
4843	744
4937	744
5201	744
5200	744
5203	744
5202	744
5205	744
5204	744
5207	744
5206	744
5209	744
5208	744
1911	744
4939	744
1910	744
3049	744
3048	744
3041	744
3040	744
3043	744
3042	744
3045	744
3044	744
3047	744
3046	744
1913	744
1094	744
1095	744
1096	744
1097	744
1090	744
1091	744
1092	744
1093	744
1098	744
1099	744
5192	744
1322	744
1323	744
1320	744
1321	744
1326	744
1327	744
1324	744
1325	744
1328	744
1329	744
6451	744
6450	744
6905	744
6904	744
6903	744
6454	744
6901	744
6456	744
6459	744
6458	744
6909	744
6908	744
1917	744
1916	744
3958	744
3953	744
3952	744
3951	744
3950	744
3957	744
3956	744
3955	744
3954	744
1966	744
4062	744
4063	744
4060	744
4061	744
4066	744
4067	744
4064	744
4065	744
4068	744
4069	744
5784	744
5785	744
5786	744
5787	744
5780	744
5781	744
5782	744
5783	744
5788	744
5789	744
3603	744
3602	744
3601	744
3600	744
3607	744
3606	744
3605	744
3604	744
3609	744
3608	744
4453	744
4452	744
4451	744
4450	744
4457	744
4456	744
4455	744
4454	744
4459	744
4458	744
959	744
958	744
951	744
950	744
953	744
952	744
955	744
954	744
957	744
956	744
6334	744
6335	744
6336	744
6337	744
6330	744
6331	744
6332	6745
6333	744
6338	744
6339	744
2174	744
2175	744
7128	744
7129	744
7126	744
7127	744
7124	744
7125	744
7122	744
4965	744
7120	744
7121	744
4964	744
1669	744
1668	744
1667	744
1666	744
1665	744
1664	744
1663	744
1662	744
1661	744
1660	744
591	744
590	590
593	744
592	744
595	744
594	744
597	744
596	744
599	744
598	744
2607	744
2828	744
2829	744
2824	744
2825	744
2826	744
2827	744
2820	744
2821	744
2822	744
2823	744
5414	744
5415	744
5416	744
5417	744
3382	744
3383	744
3380	744
3381	744
5418	744
5419	744
3388	744
3389	744
1409	744
1408	744
1403	744
1402	744
1401	744
1400	744
1407	744
1406	744
1405	744
1404	744
4215	744
4214	744
4217	744
4216	744
4211	744
4210	744
4213	744
4212	744
3961	744
4219	744
1544	744
1545	744
1542	744
1543	744
1933	744
1540	744
5579	744
5578	744
5577	744
5576	744
5575	744
1541	744
5573	744
5572	744
5571	744
5570	744
1930	744
5799	744
3265	744
5798	744
5129	744
339	744
338	744
335	744
334	744
337	744
1934	744
331	744
330	744
333	744
332	744
3269	744
3268	744
1939	744
1938	744
3195	744
3631	744
6109	744
6108	744
6107	744
6106	744
6105	744
6104	744
6103	744
6102	744
6101	744
6100	744
3336	744
1932	744
3416	744
3417	744
3414	744
3415	744
3412	744
3413	744
3410	744
3411	744
1931	744
3418	744
3419	744
4868	4128
4869	744
2019	744
2018	744
2015	744
2014	744
2017	744
2016	744
2011	744
2010	744
4864	744
4865	744
1937	744
3335	744
1936	744
3193	744
1935	744
1348	744
459	744
1340	744
1341	744
1342	744
453	744
1344	744
1345	744
456	744
1347	744
6929	744
6928	744
6925	744
6924	744
6927	744
6926	744
6921	744
6920	744
6923	744
6922	744
4008	744
4009	744
3191	744
4000	744
4001	744
4002	744
4003	744
4004	744
4005	744
4006	744
4007	744
3971	744
3970	744
3973	744
3972	744
3975	744
3974	744
3977	744
3976	744
3979	744
3978	744
3629	744
3628	744
3621	744
3620	744
3623	744
3622	744
3625	744
3624	744
3627	744
3626	744
4479	744
4478	744
2955	744
4471	744
4470	744
4473	744
4472	744
4475	744
4474	744
4477	744
4476	744
6447	1188
2464	744
2465	744
2466	744
2467	744
2460	744
2461	744
2462	744
2463	744
2468	744
2469	744
5347	744
5340	744
5341	744
5342	744
1022	744
6312	744
6313	744
6310	744
6311	744
6316	744
6317	744
6314	744
6315	744
6318	744
6319	744
1029	744
1028	744
1645	744
1644	744
1647	744
1646	744
1641	744
1640	744
1643	744
1642	744
1649	744
1648	744
579	744
578	744
573	744
572	744
571	744
570	744
577	744
576	744
575	744
574	744
2808	744
2809	744
2802	744
2803	744
2800	744
2801	744
2806	744
2807	744
2804	744
2805	744
1421	744
1420	744
5430	744
5431	744
5436	744
5437	744
5434	744
1426	744
1429	744
1428	744
3366	744
3367	744
3360	744
3361	744
3362	744
3363	744
4957	744
4273	744
4272	744
4271	744
4270	744
4277	744
4276	744
4275	744
4274	744
609	744
4279	744
4278	744
608	744
5555	744
5554	744
5557	744
5556	744
5551	744
5550	744
5553	744
5552	744
5559	744
5558	744
4861	744
4866	744
4867	744
2013	744
2012	744
5883	744
5882	744
5881	744
5880	744
5887	744
5886	744
5885	744
5884	744
5889	744
5888	744
6554	744
6555	744
6556	744
6557	744
6550	744
6551	744
6552	744
6553	744
6558	744
6559	744
357	744
356	744
355	744
354	744
353	744
352	744
351	744
350	744
359	744
358	744
6125	744
6124	744
6127	744
6126	744
6121	744
6120	744
6123	744
6122	744
6129	744
6128	744
3750	744
2190	744
2191	744
2192	744
2193	744
2259	744
2258	744
2257	744
2194	744
2255	744
2254	744
2253	744
2252	744
2251	744
2195	744
2196	744
2197	744
4800	744
2784	744
2787	744
2786	744
2781	744
2780	744
2783	744
2782	744
4808	744
4809	744
2789	744
2788	744
2079	744
2078	744
2073	744
2072	744
2071	744
2070	744
2077	744
2076	744
2075	744
2074	744
4098	744
7081	744
7080	744
7083	744
7082	744
7085	744
7084	744
7087	744
7086	744
7089	744
7088	744
6495	744
6494	744
6497	744
6496	744
6491	744
6490	744
6493	744
6492	744
6499	744
6498	744
6949	744
6948	744
6943	4991
6942	744
6941	744
6940	744
6947	744
6946	744
6945	744
6944	744
4398	744
4399	744
4390	744
4391	744
4392	744
4393	744
4394	744
4395	744
4396	744
4397	744
472	744
3196	744
1364	744
471	744
1362	744
1363	744
1360	744
1361	744
478	744
479	744
1368	744
1369	744
4026	744
4027	744
4024	744
4025	744
4022	744
4023	744
4020	744
4021	744
4028	744
4029	744
3999	744
3998	744
3997	744
3996	744
3995	744
3994	744
3993	744
3992	744
3991	744
3990	744
298	744
299	744
296	744
297	744
294	744
295	744
292	744
293	744
290	744
291	744
587	744
581	744
2442	744
2443	744
2440	744
2441	744
2446	744
2447	744
2444	744
2445	744
2448	744
2449	744
6378	744
6379	744
6370	744
6371	744
6372	744
6373	744
6374	744
6375	744
6376	744
6377	744
4978	744
4979	744
3391	744
5406	744
5405	744
5404	744
3395	744
5402	744
1623	744
1622	744
1621	744
1620	744
1627	744
1626	744
1625	744
3200	744
1999	744
1998	744
1629	744
1628	744
3209	744
3208	744
3398	744
3535	744
3534	744
2860	2837
2861	744
2862	744
2863	744
559	744
558	744
2866	744
2867	744
555	744
554	744
557	744
556	744
551	744
550	744
553	744
552	744
5054	744
1438	744
3538	744
5408	744
1199	744
1198	744
3348	744
3349	744
1191	744
5451	744
1193	744
1192	744
1195	744
1194	744
1197	744
1196	744
4259	744
4258	744
4251	744
4250	744
4253	744
4252	744
4255	744
4254	744
4257	744
4256	744
5533	744
5532	744
5531	744
5530	744
5537	744
5536	744
5535	744
5534	744
5539	744
5538	744
458	744
1349	744
6572	744
6573	744
6570	744
6571	744
6576	744
6577	744
6574	744
6575	744
6578	744
6579	744
450	744
451	744
452	744
3834	744
3835	744
3836	744
3837	744
3830	744
3831	744
3832	744
3833	744
454	744
5101	744
3838	744
3839	744
455	744
3207	744
1346	744
457	744
5106	744
379	744
378	744
371	744
370	744
373	744
372	744
375	744
374	744
377	744
376	744
6143	744
6142	744
6141	744
6140	744
6147	744
6146	744
6145	744
6144	744
6149	744
6148	744
3203	744
2275	744
2274	744
2277	744
2276	744
2271	744
2270	744
2273	744
2272	744
2279	744
2278	744
2051	744
2050	744
2053	744
2052	744
2055	744
2054	744
2057	744
4829	744
2059	744
2058	744
4824	744
4537	744
4530	744
4531	744
4532	744
4821	744
2405	744
7069	744
7068	744
7067	744
7066	744
7065	744
7064	744
7063	744
7062	744
7061	744
7060	744
3786	744
6961	744
6960	744
6963	744
6962	744
6965	744
6964	744
6967	744
6966	744
6969	744
6968	744
414	744
415	744
416	744
417	744
410	744
411	744
412	744
413	744
1384	744
1385	744
1386	744
1387	744
418	744
419	744
1382	744
1383	744
1775	744
1774	744
1777	744
1776	744
1771	744
1770	744
5272	744
1772	744
1779	744
1778	744
6688	744
6689	744
6680	744
6681	744
6682	744
6683	744
6684	744
6685	744
6686	744
6687	744
2428	744
2429	744
2420	744
2421	744
2422	744
2423	744
2424	744
2425	744
2426	744
2427	744
6356	744
6357	744
6354	744
6355	744
6352	744
6353	744
6350	744
6351	744
6358	744
6359	744
1814	744
1815	744
1816	744
1817	744
1810	744
1811	744
1812	744
1813	744
1818	744
1819	744
4952	744
4953	744
4950	744
1609	744
1608	744
4951	744
3229	744
3228	744
1979	744
1978	744
3225	744
3224	744
1975	744
1974	744
3221	744
3220	744
1971	744
1970	744
4954	744
4955	744
2848	744
2849	744
2846	744
2847	744
2844	744
2845	744
2842	744
2843	744
2840	744
2841	744
3320	744
3321	744
3322	744
3323	744
3324	744
3325	744
3326	744
3327	744
3328	744
3329	744
5478	744
5479	744
5519	744
5518	744
5511	744
3038	744
5513	6376
5512	744
5515	744
5514	6376
5517	744
3039	744
1559	744
537	744
536	744
535	744
534	744
533	744
532	744
531	744
530	744
539	744
538	744
1976	744
5139	744
1558	744
5138	744
1906	744
5136	4770
1904	744
6518	744
6519	744
1905	744
6510	744
5133	744
6512	744
6513	744
6514	744
6515	744
6516	744
3291	744
5131	744
1901	744
3812	744
3813	744
3810	744
3811	744
3816	744
3817	840
3814	744
3815	744
3818	744
3819	744
6169	744
6168	744
6161	744
6160	744
6163	744
6162	744
6165	744
6164	744
6167	744
6166	744
2213	744
2212	744
2211	744
2210	744
2217	744
2216	744
2215	744
2214	744
2219	744
2218	744
6137	744
4518	744
4519	744
4512	744
4513	744
4510	744
4511	744
4516	744
4517	744
4514	744
4515	744
5289	744
5288	744
5281	744
5280	744
5283	744
5282	744
5285	744
5284	744
5287	744
5286	744
7045	744
7044	744
7047	744
7046	744
7041	744
7040	744
7043	744
7042	744
7049	744
7048	744
6989	840
6988	744
6987	744
6986	744
6985	744
6984	744
6983	744
6982	744
6981	744
6980	744
2989	744
2988	744
2983	744
2982	744
2981	744
2980	744
2987	744
2986	744
2985	744
2984	744
1018	744
1019	744
1014	744
1015	744
1016	744
1017	744
1010	744
1011	744
1012	744
1013	744
4358	744
4359	744
4354	744
4355	744
4356	744
4357	744
4350	744
4351	744
4352	744
4353	744
438	744
439	744
436	744
437	744
434	744
435	744
432	744
433	744
430	744
431	744
3312	744
5708	744
5709	744
5704	744
5705	744
5706	744
5707	744
5700	744
5701	744
5702	744
5703	744
3315	744
3314	744
1434	744
1435	744
1432	744
5357	744
5356	744
1052	744
1430	744
5354	744
1054	744
5352	744
1056	744
1057	744
1431	744
5329	744
1832	744
1833	744
1830	744
1831	744
1836	744
3798	744
1834	744
1835	744
3795	744
3794	744
1838	744
3796	744
3791	744
3790	744
3793	744
3792	744
4981	744
4980	744
2156	744
2157	744
4985	744
4984	744
2152	744
2153	744
4989	744
4988	744
2158	744
2159	744
2408	744
2409	744
1955	744
1954	744
1957	744
1956	744
1951	744
1950	744
1953	744
1952	744
1959	744
1958	744
3249	744
3248	744
3243	744
3242	744
3241	744
3240	744
3247	744
3246	3245
3245	3245
1990	744
4925	744
1993	744
1483	744
1482	744
1481	744
1480	744
1487	744
1486	744
1485	744
1484	744
3306	744
3307	744
1489	744
1488	744
3302	744
3303	744
3300	744
3301	744
1992	744
1270	744
1271	744
1272	744
611	744
1274	744
617	744
2060	744
1276	744
2793	744
1277	744
2062	744
2063	744
1994	744
2064	744
2065	744
519	744
518	744
2066	744
511	744
510	744
513	744
512	744
515	744
514	744
517	744
516	744
1227	744
1226	744
621	744
1224	744
1223	744
1222	744
1221	744
1220	744
629	744
628	744
1229	744
1228	744
6536	744
6537	744
6534	744
6535	744
6532	744
6533	744
6530	744
6531	744
6538	744
6539	744
1996	744
3878	744
3879	744
3870	744
3871	744
3872	744
3873	744
3874	744
3875	744
3876	744
3877	744
4167	744
4166	744
4165	744
4164	744
4163	744
4162	744
4161	744
4160	744
4169	744
4168	744
2239	744
2238	744
2231	744
2230	744
2233	744
2232	744
2235	744
2234	744
2237	744
2236	744
5937	744
5936	6376
5935	744
5934	744
5933	744
5932	744
5931	744
5930	744
5939	744
5938	744
1631	744
4608	744
3498	744
3499	744
3496	744
3497	744
3494	744
3495	744
3492	744
3493	744
3490	744
3491	744
2095	744
2094	744
4572	744
4573	744
2091	744
2090	744
4576	744
2092	744
4578	744
4579	744
2099	744
2098	744
4605	744
3333	744
3	744
3332	744
7023	744
7022	744
7021	744
7020	744
7027	744
7026	744
7025	744
7024	744
7029	744
7028	744
3331	744
3330	744
3337	744
1655	744
1038	744
1039	744
1032	744
1033	744
1030	744
1031	744
1036	744
1037	744
1034	744
1035	744
4378	744
4379	744
4372	744
4373	744
4370	744
4371	744
4376	744
4377	744
4374	744
4375	744
3334	744
4080	744
4081	744
4082	744
4083	744
4084	744
4085	744
4086	744
4087	744
4088	744
4089	744
5728	744
5729	744
5722	744
5723	744
5720	744
5721	744
5726	744
5727	744
5724	840
5725	744
3844	744
6648	744
6649	744
6644	744
6645	744
6646	744
6647	744
6640	744
6641	744
6642	744
6643	744
6398	744
6399	744
6392	744
6393	744
6390	744
6391	744
6396	744
6397	744
6394	744
6395	744
2396	744
2397	744
2394	744
2395	744
2392	744
2393	744
2390	744
2391	744
2398	744
2399	744
1858	744
1859	744
3840	744
1850	744
1851	744
1852	744
1853	315
1854	744
1855	744
1856	744
1857	744
2172	744
2173	744
2170	744
2171	744
2176	744
2177	744
4969	744
4968	744
4967	744
4966	744
2178	744
2179	744
4963	744
4962	744
4961	744
4960	744
5432	744
3847	744
5433	744
3846	744
1423	744
3261	744
3260	744
3263	744
3262	744
5128	744
3264	744
3267	744
3266	744
5124	744
5125	744
5126	744
5127	744
5120	744
5121	744
5122	744
5123	744
1427	744
5435	744
3364	744
3365	744
5438	744
5439	4128
6886	744
6887	744
6884	744
6885	744
6882	744
6883	744
6880	744
6881	744
6888	744
6889	744
605	744
604	744
607	744
606	744
601	744
600	744
603	744
602	744
1205	744
1204	744
1207	744
1206	744
1201	744
1200	744
1203	744
1202	744
1353	744
464	744
1351	744
466	744
461	744
1356	744
463	744
1354	744
6950	744
6483	744
6952	744
6481	744
4149	744
4148	744
4145	744
4144	744
4147	744
4146	744
4141	744
4140	744
4143	744
4142	744
3856	744
3857	744
3854	744
3855	744
3852	744
3853	744
3850	744
3851	744
6957	744
3858	744
3859	744
5919	744
5918	744
5915	744
5914	744
5917	744
5916	744
5911	744
5910	744
5913	744
5912	744
4558	744
4559	744
4556	744
4557	744
4554	744
4555	744
4552	744
4553	744
4550	744
4551	744
6077	744
6076	744
6075	744
6074	744
6073	744
6072	744
6071	744
6070	744
6079	744
6078	744
2617	744
2616	744
2615	744
2614	744
2613	744
2612	744
2611	744
2610	744
2619	744
2618	744
5424	744
7009	744
7008	744
7001	744
7000	744
7003	744
7002	744
7005	744
7004	744
7007	744
7006	744
1184	744
740	744
741	744
742	744
743	744
744	744
745	744
746	744
747	744
748	744
749	744
1185	744
2949	744
2948	744
2947	744
2946	744
2945	744
2944	744
2943	744
2942	744
2941	744
2940	744
1050	744
1051	744
5355	744
1053	744
5353	744
1055	744
5351	744
5350	744
1058	744
1059	744
5359	744
5358	744
4310	744
4311	744
4312	744
4313	744
4314	744
4315	744
4316	744
4317	744
4318	744
4319	744
1180	744
3119	744
3118	744
3117	744
3116	744
3115	744
3114	744
3113	744
3112	744
3111	744
3110	744
1181	744
5740	744
5741	744
5742	744
5743	744
5744	744
5745	744
5746	744
5747	744
5748	744
5749	744
5267	5267
5266	744
1702	744
1703	744
5263	744
5262	744
5261	744
5260	744
2136	744
1603	744
6668	744
6669	744
6662	744
6663	744
6660	744
6661	744
6666	744
6667	744
6664	744
6665	744
7	744
2134	744
2135	744
2378	744
2379	744
2374	744
2375	744
2376	744
2377	744
2370	744
2371	744
2372	744
2373	744
1876	744
1877	744
1874	744
1875	744
1872	744
1873	744
1870	744
1871	744
1607	744
1878	744
1879	744
4945	744
4944	744
4947	744
4946	744
4941	744
4940	744
4943	744
4942	744
4949	744
4948	744
2118	744
2119	744
2130	744
2110	744
2111	744
2112	744
2113	744
2114	744
2115	744
2116	744
2117	744
1919	744
1918	744
5108	744
5109	744
3289	744
3288	744
3287	744
3286	744
3285	744
3284	744
3283	744
5107	744
3281	744
5105	744
883	744
882	744
881	744
880	744
887	744
886	744
885	744
884	744
889	744
888	744
1727	744
6868	744
6869	744
6864	744
6865	744
6866	744
6867	744
6860	744
6861	744
6862	744
6863	744
1269	744
1268	744
669	744
668	744
667	744
666	744
665	744
664	744
663	744
662	744
1265	744
660	744
5102	744
5103	744
5100	744
1912	744
1915	744
1914	744
5104	744
3280	744
4129	744
4128	4128
4123	744
4122	744
4121	744
4120	744
4127	4128
4126	744
4125	744
4124	744
5689	744
5688	744
5685	744
5684	744
5687	744
5686	744
5681	744
5680	744
5683	744
5682	744
5979	744
5978	744
5973	744
5972	744
5971	840
5970	744
5977	744
5976	744
5975	744
5974	744
1049	744
5407	744
2587	744
2586	744
2585	744
2584	744
2583	744
2582	744
2581	744
2580	744
2589	744
2588	744
280	744
6059	744
6058	744
6055	744
6054	744
6057	744
6056	744
6051	744
6050	744
6053	744
6052	744
2639	744
2638	744
2635	744
2634	744
2637	744
2636	744
2631	744
2630	744
2633	744
2632	744
3544	744
3545	744
3546	744
3547	744
3540	744
3541	744
3542	744
3543	744
3548	744
3549	744
2965	744
2964	744
768	744
769	744
2961	744
2960	744
2963	744
2962	744
762	744
763	744
760	744
761	744
766	744
767	744
764	744
765	744
5379	744
5378	744
1078	744
1079	744
1076	744
5374	744
1074	744
5376	744
5371	744
5370	744
5373	744
1071	744
4338	744
4339	744
4336	744
4337	744
4334	744
4335	744
4332	744
4333	744
4330	744
4331	744
3135	744
3134	744
3137	744
3136	744
3131	744
3130	744
3133	744
3132	744
3139	744
3138	744
1533	744
5183	744
1532	744
5180	744
5768	744
5769	744
5766	744
5767	744
5764	744
5765	744
5762	744
5763	744
5760	744
5761	744
1531	744
5181	744
1530	744
5186	744
2256	744
5187	744
75	744
74	744
2250	744
5184	744
6600	744
6601	744
6602	744
6603	744
6604	744
6605	744
6606	744
6607	744
6608	744
6609	744
5185	744
79	744
78	744
5362	744
4570	744
5363	744
1041	744
5361	744
1047	744
1046	744
4571	744
1045	744
1044	744
2358	744
2359	744
2352	744
2353	744
2350	744
2351	744
2356	744
2357	744
2354	744
2355	744
1048	744
1898	744
1899	744
3739	744
3738	744
1894	744
1895	744
3735	744
3734	744
1890	744
3732	744
1892	744
3730	744
4691	744
4922	744
4693	744
4692	744
4927	744
4694	744
4697	744
2131	744
4699	744
4698	744
4929	744
4928	744
2138	744
2139	744
5160	744
5161	744
5162	744
5163	744
5164	744
5165	744
5166	744
5167	744
5168	744
5169	744
4802	744
4803	744
4804	744
4805	744
4806	744
4807	744
1263	744
1262	744
1261	744
1799	744
1798	744
1793	744
1267	744
1791	744
1790	744
1797	744
1796	744
1795	744
1794	744
6848	744
6849	744
661	744
6842	744
6843	744
6840	744
6841	744
6846	744
6847	744
6844	744
6845	744
6590	744
6591	744
6592	744
6593	744
6594	744
6595	744
6596	744
6597	2482
6598	744
6599	744
5344	744
1024	744
3092	744
1240	744
643	744
642	744
3096	744
644	744
3094	744
3095	744
649	744
1248	744
3098	744
3099	744
1027	744
1539	744
1538	744
4101	744
4100	744
4103	744
4102	744
4105	744
4104	744
4107	744
4106	744
4109	744
4108	744
3377	744
3898	744
3899	744
3892	744
3893	744
3890	744
3891	744
3896	744
3897	744
3894	744
3895	744
5951	744
5950	744
5953	744
5952	744
5955	744
5954	744
5957	744
5956	744
5959	744
5958	744
1991	744
1455	744
6039	744
6038	744
6033	840
6032	744
6031	744
6030	744
6037	744
6036	744
6035	744
6034	744
2659	744
2658	744
2653	744
2652	744
2651	744
2650	744
2657	744
2656	744
2655	744
2654	744
1606	744
3562	744
3563	744
3560	744
3561	744
3566	744
3567	744
3564	744
3565	744
3568	744
3569	744
4484	744
4485	744
4486	744
4487	744
4480	744
4481	744
4482	744
4483	744
2489	744
4488	744
4489	744
2903	744
2902	744
2901	744
2900	744
708	744
709	744
2905	744
147	744
704	744
705	744
706	744
707	744
700	744
701	744
702	744
703	744
5319	744
5318	744
5313	744
5312	744
5311	744
5310	744
5317	744
5316	744
5315	744
5314	744
3214	744
1987	744
1984	744
3153	744
3152	744
3151	744
3150	744
3157	744
3156	744
3155	744
3154	744
1982	744
3159	744
3158	744
1983	744
1980	744
1981	744
1260	744
2485	744
2482	2482
1266	744
1264	744
2481	2482
1247	744
568	744
569	744
2816	744
6628	744
6629	744
6626	744
6627	744
6624	744
6625	744
6622	744
6623	744
6620	744
6621	744
564	744
565	744
4714	744
4715	744
4716	744
4717	744
4710	744
4711	744
4712	744
2337	744
2338	744
2339	744
4718	744
4719	744
3715	744
3714	744
3717	744
3716	744
3711	744
3710	744
3713	744
3712	744
3719	744
3718	744
4909	744
4908	744
4679	744
4678	744
4901	744
4676	744
4903	744
4902	744
4905	744
2483	744
4671	744
4906	744
5148	744
5149	744
5146	744
5147	744
5144	744
5145	744
5142	744
5143	744
5140	744
5141	744
120	744
121	744
122	744
123	744
124	744
125	744
126	744
127	744
128	744
129	744
1188	1188
1189	744
1186	744
1187	1188
3375	744
3374	744
5421	744
3372	744
3371	744
3370	744
6820	744
6821	744
6822	744
6823	744
6824	744
6825	744
6826	744
6827	744
6828	744
6829	744
1997	744
3390	744
1519	744
1518	744
1515	744
1514	744
1517	744
1516	744
1511	744
1510	744
1513	744
1512	744
3394	744
3397	744
3396	744
263	744
262	744
261	744
260	744
267	744
266	744
265	744
264	744
269	744
268	744
6011	744
6010	744
6013	744
6012	744
6015	744
6014	744
6017	744
6016	744
6019	744
6018	744
988	744
989	744
982	744
983	744
980	744
981	744
986	744
987	744
984	744
985	744
1388	744
3508	744
3509	744
5089	744
5088	744
5083	744
5082	744
5081	744
5080	744
5087	744
5086	744
5085	744
5084	744
2671	744
2670	744
2673	744
2672	744
2675	744
2674	744
2677	744
2676	744
2679	744
2678	744
1209	744
2929	744
2928	2928
2921	744
2920	744
2923	744
2922	744
2925	744
2924	744
2927	2928
2926	744
5331	744
5330	744
5333	744
5332	744
5335	744
5334	744
5337	744
5336	744
1208	744
5338	744
3179	744
3178	744
2037	744
3171	744
3170	744
3173	744
3172	744
3175	744
3174	744
3177	744
3176	744
726	744
727	744
724	744
725	744
722	744
723	744
720	744
721	744
728	744
729	744
1164	744
1165	744
1166	744
1167	744
1160	744
1161	744
1162	744
1163	744
1168	744
1169	744
2035	744
1366	744
1367	744
2034	744
3194	744
476	744
2785	744
477	744
1713	744
474	744
1712	744
3190	744
1711	744
1381	744
1710	744
1717	744
1716	744
1715	744
5255	744
3199	744
1865	744
3198	744
5258	744
3729	744
5259	744
3724	744
3725	744
2918	744
4686	744
4687	744
1343	744
4684	744
4685	744
2919	744
4682	744
4683	744
4732	744
4733	744
4730	744
4731	744
4736	744
4737	744
4734	744
4735	744
2316	744
2317	744
4738	744
4739	744
2312	744
2313	744
2310	744
2311	744
5854	744
5855	744
5856	744
5857	744
5850	744
5851	744
5852	744
5853	744
5858	744
5859	744
3773	744
3772	744
3771	744
3770	744
3777	744
3776	744
3775	744
3774	744
3779	744
3778	744
4655	744
4654	744
4657	744
4656	744
4651	744
4650	744
4653	744
4652	744
4659	744
4658	744
406	744
108	744
109	744
102	744
103	744
100	744
101	744
106	744
107	744
104	744
105	744
5112	744
6204	744
6205	744
6206	744
6207	744
6200	744
6201	744
6202	744
6203	744
6208	744
6209	744
6808	744
6809	744
6806	744
6807	744
6804	744
6805	744
6802	744
6803	744
6800	744
6801	744
1759	744
1758	744
1757	744
1756	744
1755	744
1754	744
1753	744
1752	744
1751	744
1750	744
1285	744
1284	744
1287	744
1286	744
1281	744
1280	744
1283	744
1282	744
1289	744
1288	744
1579	744
1578	744
689	744
688	744
1573	744
684	744
1571	744
686	744
681	744
1576	744
683	744
1574	744
5629	744
5628	744
5627	744
5626	744
5625	744
5624	744
5623	744
5622	744
5621	744
5620	744
1242	744
5995	744
5994	744
5997	744
5996	744
5991	5991
5990	5991
5993	744
5992	744
5999	744
5998	744
1244	744
4677	744
6781	744
6780	744
6783	744
6782	744
6785	744
6784	744
6787	744
6786	744
6789	744
6788	744
245	744
244	744
247	744
246	744
241	744
240	744
243	744
242	744
249	744
248	744
2154	744
2155	744
3698	744
3699	744
3690	744
3691	744
3692	744
3693	744
3694	744
3695	744
3696	744
3697	744
3526	744
3527	744
3524	744
3525	744
3522	744
3523	744
3520	744
3521	744
1501	744
3528	744
3529	744
2699	744
2698	744
2697	744
2696	744
2695	744
2694	744
2693	744
2692	744
2691	744
2690	744
2151	744
4535	744
1142	744
1143	744
1140	744
1141	744
1146	744
1147	744
1144	744
1145	744
1148	744
1149	744
2967	744
2966	744
336	744
1745	744
7199	744
7198	744
7193	744
7192	744
7191	744
7190	744
7197	744
7196	744
7195	744
7194	744
6402	744
6403	744
2969	744
6400	744
2968	744
6401	744
6406	744
14	744
6404	3471
16	744
4282	744
4283	744
4280	744
4281	744
4286	744
4287	744
4284	744
4285	744
4288	744
4289	744
380	744
381	744
382	744
383	744
384	744
385	744
386	744
387	744
388	744
389	744
4758	744
4759	744
4750	744
4751	744
4752	744
4753	744
4754	744
4755	744
4756	744
4757	744
5872	744
5873	744
5870	744
5871	744
5876	744
5877	744
5874	744
5875	744
5878	744
5879	744
5377	744
3759	744
3758	744
1075	744
3751	744
1072	744
3753	744
3752	744
3755	744
3754	744
3757	744
3756	744
4633	744
4632	744
4631	744
4630	744
4637	744
4636	744
4635	744
4634	744
2198	744
2199	744
4639	744
4638	744
2046	744
2047	744
2044	744
2045	744
168	744
169	744
164	744
165	744
166	744
167	744
160	744
161	744
162	744
163	744
2040	744
2041	744
6194	744
6195	744
6196	744
6197	744
6190	744
6191	744
6192	744
6193	744
6198	744
6199	744
2734	744
2735	744
2736	744
2737	744
2730	744
2731	744
2732	744
2733	744
2738	744
2739	744
1106	744
7209	744
7208	744
7203	744
7202	744
7201	744
7200	744
7207	744
7206	744
7205	744
7204	744
6222	744
6223	744
6220	744
6221	744
6226	744
6227	744
6224	744
6225	744
6228	744
6229	744
809	744
808	744
803	744
802	744
801	744
800	744
807	744
806	744
805	744
804	744
5274	744
5275	744
5276	744
5277	744
5270	744
5271	744
1773	744
5273	744
5278	744
5279	744
1100	744
1551	744
1550	744
1553	744
1552	744
1555	744
1554	744
1557	744
1556	744
3034	744
3035	744
3036	744
3037	744
3030	744
3031	744
3032	744
3033	744
5605	744
5604	744
5607	744
5606	744
5601	744
5600	744
5603	744
5602	744
5609	744
5608	744
4690	744
6424	744
6425	744
6426	744
6427	744
6420	744
6421	744
6422	744
6423	744
6428	744
6429	744
6769	744
6768	744
6767	744
6766	744
6765	744
6764	744
6763	744
6762	744
6761	744
6760	744
229	744
228	744
227	744
226	744
225	744
224	744
223	744
222	744
221	744
220	744
2509	744
2508	744
2507	744
2506	744
2505	744
2504	744
2503	744
2502	744
2501	744
2500	744
5049	590
5048	744
5047	744
5046	744
5045	744
5044	744
5043	744
5042	744
5041	744
5040	744
1524	744
1525	744
1526	744
0	744
1527	744
1252	744
1521	744
5182	744
1522	744
3206	744
1523	744
3205	744
3204	744
1995	744
3202	744
3201	744
1624	744
5188	744
1128	744
1129	744
5189	744
1120	744
1121	744
1122	744
1123	744
1124	744
1125	744
1126	744
1127	744
2864	744
2865	744
2868	744
2869	744
4776	744
4777	744
4774	744
4775	744
4772	744
4773	744
4770	4770
4771	744
4778	744
4779	744
5818	744
5819	744
5810	744
5811	744
5812	744
5813	744
5814	744
5815	744
5816	744
5817	744
4619	744
4618	744
4611	744
4610	744
4613	744
4612	744
4615	744
4614	744
4617	744
4616	744
4880	744
4881	744
4882	744
146	744
5458	744
144	744
145	744
142	744
143	744
140	744
5459	744
2701	744
148	744
149	744
2703	744
754	744
4887	744
3342	744
1190	744
5452	744
2712	744
2713	744
2710	744
2711	744
2716	744
2717	744
2714	744
2715	744
3346	744
2718	744
2719	744
3347	744
7221	744
7220	744
7223	744
7222	744
7225	744
7224	744
7227	744
7226	744
7229	744
7228	744
3345	744
3090	744
6248	744
6249	6376
6240	744
6241	744
6242	744
6243	744
6244	744
6245	744
6246	744
6247	744
829	744
828	744
825	744
824	744
827	744
826	744
821	744
820	744
823	744
822	744
5252	744
5253	744
5250	744
5251	744
5256	744
5257	744
5254	744
1714	744
1719	744
1718	744
3018	744
3019	744
3012	744
3013	744
3010	744
3011	744
3016	744
3017	744
3014	744
3015	744
4189	744
4188	744
4181	744
4180	744
4183	744
4182	744
4185	744
4184	744
4187	744
4186	744
5663	744
5662	744
5661	744
5660	744
5667	744
5666	744
5665	744
5664	744
5669	744
5668	744
3197	744
3093	744
11	744
10	744
13	744
12	744
15	744
6407	744
17	744
6405	3471
19	744
18	744
6408	744
6409	744
3904	744
3905	744
3906	744
3907	744
3900	744
3901	744
3902	744
3903	744
3908	744
3909	744
6745	6745
6744	744
6747	744
6746	744
6741	744
6740	744
6743	744
6742	744
6749	744
6748	744
3192	744
201	744
200	744
203	744
202	744
205	744
204	744
207	744
206	744
209	744
208	744
3476	744
3477	744
3470	744
3471	744
3472	744
835	744
2747	744
3658	744
3659	744
3654	744
3655	744
3656	744
3657	744
3650	744
3651	744
3652	744
3653	744
2525	744
2524	744
2527	744
2526	744
2521	744
2520	744
2523	744
2522	744
2529	744
2528	744
5065	744
5064	744
5067	744
5066	744
5061	744
5060	744
5063	744
5062	744
5069	744
5068	744
4408	744
4409	744
4404	744
4405	744
4406	744
4407	744
4400	744
4401	744
4402	744
4403	744
928	744
929	744
920	744
921	744
922	744
923	744
924	744
925	744
926	744
927	744
5393	744
5392	744
5391	744
5390	744
5397	744
5396	744
5395	744
5394	744
5399	744
5398	744
784	744
785	744
786	744
787	744
780	744
781	744
782	744
783	744
788	744
789	744
407	744
7159	744
7158	744
7157	744
7156	744
7155	744
7154	744
7153	744
7152	744
7151	744
7150	744
1372	744
1375	744
1374	744
1377	744
400	744
20	744
2899	744
2898	744
2895	744
2894	744
2897	744
2896	744
2891	744
2890	744
2893	744
2892	744
1454	744
5245	744
1104	744
1105	744
1450	744
1103	744
1452	744
1453	744
1458	744
5247	744
1108	744
1109	744
5246	744
5241	744
5240	744
3737	744
5243	744
3736	744
5242	744
1896	744
1897	744
3733	744
1891	744
3731	744
1893	744
4923	744
2137	744
4921	744
4920	744
4798	744
4799	744
4794	744
4695	6745
4796	744
4797	744
4790	744
4791	744
4792	744
2133	744
5836	744
5837	744
5834	744
5835	744
5832	744
5833	744
5830	744
5831	744
4696	744
5838	744
5839	744
4	744
2778	744
2779	744
4899	744
4898	744
2770	744
2771	744
4891	744
4890	744
2774	744
2775	744
2776	744
2777	744
6266	744
6267	744
6264	744
6265	4128
6262	744
6263	744
6260	744
6261	744
6268	744
6269	6376
4900	744
847	744
846	744
845	744
844	744
843	744
3462	744
3461	744
3460	744
849	2598
848	2598
5238	744
5239	744
1731	744
5231	744
1733	744
5233	744
1735	1735
5235	744
1737	744
5237	744
2404	744
4907	744
3070	744
1594	744
3072	744
3073	744
1591	744
3075	744
3076	744
1592	744
3078	744
3079	744
1599	744
1598	744
2402	744
5649	744
5648	744
5641	744
5640	744
5643	744
5642	744
5645	744
5644	744
5647	744
5646	744
2401	744
4826	744
489	744
488	744
487	744
486	744
485	744
484	744
483	744
482	744
481	744
480	744
6468	744
6469	744
6460	744
6461	744
6462	744
6463	744
6464	744
6465	744
6466	744
6467	744
3922	744
3923	744
3920	744
3921	744
3926	744
3927	744
3924	744
3925	744
3928	744
3929	744
6723	1735
6722	744
6721	744
6720	744
6727	744
6726	744
6725	744
6724	744
6729	744
6728	744
6099	744
6098	744
6091	744
6090	744
6093	744
6092	744
6095	744
6094	744
6097	744
6096	744
3295	744
3678	744
3679	744
3672	744
3673	744
3670	744
3671	744
3676	744
3677	744
3674	744
3675	744
2543	744
2542	744
2541	744
2540	744
2547	744
2546	744
2545	744
2544	744
2549	744
2548	744
1456	744
1457	744
3297	744
1102	744
1451	744
5003	744
3581	744
3582	744
3583	744
3584	744
3585	744
3586	744
3587	744
3588	744
3589	744
5009	744
1101	744
3290	744
902	744
903	744
900	744
901	744
906	744
907	744
904	744
905	744
4422	744
4423	744
908	744
909	744
4426	744
4427	744
4424	744
1459	744
3292	744
7175	744
7174	744
7177	744
7176	744
7171	744
7170	744
7173	744
7172	744
7179	744
7178	744
719	744
2917	744
1696	744
1697	744
1694	744
1695	744
1692	744
1693	744
1690	744
1691	744
1698	744
1699	744
1472	744
1473	744
1470	744
1471	744
1476	744
1477	744
1474	744
1475	744
1478	744
1479	744
4228	744
4229	744
4224	744
4225	744
4226	744
4227	744
4220	744
4221	744
4222	744
4223	744
24	744
25	744
26	744
27	744
5582	744
21	744
22	744
23	744
28	744
29	744
5588	744
5589	744
5308	744
5309	744
5300	744
5301	744
5302	744
5303	744
5304	744
5305	744
5306	744
5307	744
2288	744
2289	744
2280	744
2281	744
2282	744
2283	744
2284	744
2285	744
2286	744
2287	744
4538	744
4539	744
4828	744
2056	744
4534	744
4827	744
4536	744
4825	744
4822	744
4823	744
4820	744
4795	744
4926	744
4533	744
6288	744
6289	744
6284	744
6285	744
6286	744
6287	744
6280	744
6281	744
6282	744
6283	744
182	744
183	744
180	744
181	744
186	744
187	744
184	744
185	744
188	744
189	744
4924	744
869	744
868	744
3449	744
3448	744
861	744
860	744
863	744
3446	744
3441	744
3440	744
867	744
866	744
2024	744
2025	744
2026	744
2027	744
2020	744
2021	744
2022	744
2751	744
2028	744
2029	744
2758	744
2759	744
5216	744
5217	744
5214	744
5215	744
5212	744
5213	744
5210	744
5211	744
5218	744
5219	744
4596	744
3058	744
3059	744
3056	744
3057	744
3054	744
3055	744
3052	744
3053	744
3050	744
3051	744
4597	744
4595	744
8	744
1317	744
1316	744
1315	744
1314	744
1313	744
1312	744
1311	744
1310	744
1319	744
1318	744
6914	744
6915	744
6916	744
6445	744
6442	744
6443	744
6912	744
6913	744
6918	3471
6919	744
6448	1188
6449	744
3304	744
3948	744
3949	744
3940	744
3941	744
3942	744
3943	744
3944	744
3945	744
3946	744
3947	744
6709	744
6708	744
6701	744
6700	744
6703	744
6702	744
6705	744
6704	744
6707	744
6706	744
3841	744
4057	744
4056	744
4055	744
4054	744
4053	744
4052	744
4051	744
4050	744
4059	744
4058	744
3843	744
3610	744
3611	744
3612	744
3613	744
3614	744
3615	744
3616	744
3617	744
3618	744
3619	744
3842	744
2569	744
2568	744
2140	744
2561	744
2560	744
2563	744
2562	744
2565	744
2564	744
2567	744
2566	744
3845	744
5029	744
5028	744
5021	744
5020	744
5023	744
5022	744
5025	744
5024	744
5027	744
5026	744
4440	744
4441	744
4442	744
4443	744
4444	744
4445	744
4446	744
4447	744
4448	744
4449	744
964	744
965	744
966	744
967	744
960	744
961	744
962	744
963	744
968	744
969	744
1537	744
1536	744
1535	744
3091	744
1245	744
3097	744
647	744
1246	744
1249	744
648	744
3236	744
3237	744
1618	744
1619	744
641	744
3966	744
1617	744
3238	744
1107	744
3239	744
1612	744
640	744
1961	744
7113	744
7112	744
7111	744
7110	744
7117	744
7116	744
7115	744
7114	744
7119	744
7118	744
3964	744
4499	744
1678	744
1679	744
1674	744
1675	744
1676	744
1677	744
1670	744
1671	744
1672	744
1673	744
3826	744
3965	744
4498	744
1534	744
645	744
3962	744
1418	744
1419	744
1410	744
1411	744
1412	744
1413	744
1414	744
1415	744
1416	744
1417	744
3963	744
4208	744
4209	744
4202	744
4203	744
4200	744
4201	744
4206	744
4207	744
4204	744
4205	744
5568	744
5569	744
5564	744
5565	744
5566	744
5567	744
5560	744
5561	744
5562	744
5563	744
646	744
308	744
309	744
300	744
301	744
302	744
303	744
304	744
305	744
306	744
307	744
2036	744
3820	744
4893	744
4892	744
2772	744
2773	744
4897	744
4896	744
4895	744
4894	744
470	744
6118	744
6119	744
6114	744
6115	744
6116	744
6117	744
6110	744
6111	744
6112	744
6113	744
3429	744
3428	744
3423	744
3422	744
3421	744
3420	744
3427	744
3426	744
3425	744
3424	744
2002	744
2003	744
2000	744
2001	744
4589	744
2007	744
4859	744
2005	744
4585	744
4584	744
4855	744
4854	744
4581	744
4580	744
4851	744
4850	744
1087	744
1086	744
1085	744
1084	744
1083	744
1082	744
1081	744
1080	744
1089	744
1088	744
449	744
448	744
1339	744
1338	744
1335	744
1334	744
1337	744
1336	744
447	744
446	744
1333	744
1332	744
6932	744
6933	744
6930	744
6931	744
6936	744
6937	744
6934	744
6935	744
6938	744
6939	744
39	744
38	744
33	744
32	744
31	744
30	744
37	744
36	744
35	744
34	744
3467	744
3466	744
3465	744
3464	744
3463	744
842	744
4079	744
4078	744
4075	744
4074	744
4077	744
4076	744
4071	744
4070	744
4073	744
4072	744
5797	744
3967	744
5795	744
5794	744
5793	744
5792	744
5791	744
5790	744
3968	744
3969	744
3638	744
3639	744
3636	744
3637	744
3634	744
3635	744
3632	744
3633	744
3630	744
840	744
3469	315
3468	744
4468	744
4469	744
4466	744
4467	744
4464	744
4465	744
4462	744
4463	744
4460	744
4461	744
948	744
949	744
946	744
947	744
944	744
945	744
942	744
943	744
940	744
941	744
6327	744
6326	744
6325	744
6324	744
6323	744
6322	744
6321	744
6320	744
6329	744
6328	744
6457	744
7139	744
7138	744
4793	744
7131	744
7130	744
7133	744
7132	744
7135	744
7134	744
7137	744
7136	744
1658	744
1659	744
1652	744
1653	744
1650	744
1651	744
1656	744
1657	744
1654	744
1389	744
586	744
1739	744
584	744
585	744
582	744
583	744
580	744
1738	744
588	744
589	590
2839	744
2838	744
2837	2837
2836	744
2835	744
2834	744
2833	744
2832	744
2831	744
2830	744
1436	744
1437	744
3393	744
3392	744
5403	744
1433	744
5401	744
5400	744
3399	744
1380	744
5409	744
1439	744
5230	744
1730	744
5232	744
4260	744
4261	744
4262	744
4263	744
4264	744
4265	744
4266	744
4267	744
4268	744
4269	744
1734	744
1887	744
5236	744
1886	744
1736	744
3700	744
5548	744
5549	744
5542	744
5543	744
5540	744
5541	744
5546	744
5547	744
5544	744
5545	744
3704	744
3705	744
2120	744
5890	744
5891	744
5892	744
5893	744
5894	744
5895	744
5896	744
5897	744
5898	744
5899	744
2124	744
4918	744
4862	744
4919	744
2129	744
4665	744
5453	744
4914	744
4915	744
4863	744
4912	744
4661	744
4910	744
4911	744
4860	744
322	744
323	744
320	744
321	744
326	744
327	744
324	744
325	744
328	744
329	744
1595	744
6138	744
6139	744
3071	744
6132	744
6133	744
6130	744
6131	744
6136	744
1597	744
6134	744
6135	744
1596	744
3074	744
1590	744
1593	744
3077	744
5176	744
2248	744
2249	744
2244	744
2245	744
2246	744
2247	744
2240	744
2241	744
2242	744
2243	744
5178	744
3401	744
3400	744
3403	744
3402	744
3405	744
3404	744
3407	744
3406	744
3409	744
3408	744
4875	744
4874	744
4877	744
4876	744
4871	744
4870	744
4873	744
4872	744
4879	744
4878	744
2068	744
2069	744
2798	744
2799	744
2792	744
2061	744
2790	744
2791	744
2796	744
2797	744
2794	744
2795	744
3257	744
7096	744
7097	744
7094	744
7095	744
7092	744
7093	744
7090	744
7091	744
7098	744
7099	744
4883	744
1359	744
1358	744
469	744
468	744
465	744
1352	744
467	744
1350	744
1357	744
460	744
1355	744
462	744
6958	744
6959	744
6488	744
6489	744
6482	744
6951	744
6480	744
6953	744
6486	744
6487	744
6484	744
6485	744
4885	744
3184	744
3185	744
3186	744
3187	744
3180	744
3181	744
3182	744
3183	744
3188	744
3189	744
4019	744
4018	744
4013	744
4012	590
4011	744
4010	744
4017	744
4016	744
4015	744
4014	744
3988	744
3989	744
3984	744
3985	744
3986	744
3987	744
3980	744
3981	744
3982	744
3983	744
5796	744
1111	744
1446	744
1113	744
289	744
288	744
1112	744
281	744
1115	744
283	744
282	744
285	744
284	744
287	744
1442	744
1441	744
1116	744
3430	744
1448	744
2477	744
2476	744
2475	744
2474	744
2473	744
2472	744
2471	744
2470	744
2479	744
2478	744
3432	744
1397	744
6309	744
6308	744
6305	744
6304	744
6307	744
6306	744
6301	744
6300	744
6303	744
6302	744
2907	744
2906	744
1986	744
3215	744
3216	744
1985	744
3210	744
3211	744
3212	744
3213	744
1638	744
1639	744
2904	744
3218	744
3219	744
1988	744
1989	744
2909	744
2815	744
2814	744
2817	744
2908	744
2811	744
2810	744
2813	744
2812	744
560	744
561	744
562	744
563	744
2819	744
2818	744
566	744
567	744
5429	744
5428	744
3379	744
3378	744
5425	744
3376	744
5427	744
5426	744
3373	744
5420	744
5423	744
5422	744
4248	744
4249	744
4246	744
4247	744
4244	744
4245	744
4242	744
4243	744
4240	744
4241	744
5520	744
5521	5967
5522	744
5523	744
5524	744
5525	744
5526	744
5527	5267
5528	5267
5529	744
48	744
49	744
46	744
47	744
44	744
45	744
42	744
43	744
40	744
41	744
4848	744
6547	744
6546	744
6545	744
6544	744
6543	744
6542	744
6541	744
6540	744
4849	744
6549	744
6548	744
344	744
345	744
346	744
347	744
340	744
341	744
342	744
343	744
348	744
349	744
6150	744
6151	744
6152	744
6153	744
6154	744
2132	744
6156	1735
6157	744
6158	744
6159	744
4527	744
4830	744
4525	744
4832	744
4523	744
4522	744
4521	744
4520	744
4784	744
2268	744
2269	744
2262	744
2263	744
2260	744
2261	744
2266	744
2267	744
2264	744
2265	744
4813	744
4812	744
4811	744
4810	744
4817	744
4816	744
4815	744
4814	744
4819	744
4818	744
2048	744
2049	744
1365	744
7078	744
7079	744
7074	744
7075	744
7076	744
7077	744
7070	744
7071	744
7072	744
7073	744
6976	744
6977	744
6974	744
6975	744
6972	744
6973	744
6970	744
6971	744
6978	744
6979	744
4389	744
4388	73
4383	744
4382	744
4381	744
4380	744
4387	744
4386	744
4385	744
4384	744
1371	744
1370	744
1373	744
404	744
403	744
402	744
401	744
1376	744
1379	744
1378	744
409	744
408	744
4031	744
4030	744
4033	744
4032	744
4035	744
4034	744
4037	744
4036	744
4039	744
4038	744
2459	744
2458	744
2455	744
2454	744
2457	744
2456	744
2451	744
2450	744
2453	744
2452	744
1502	744
1503	744
1500	744
6369	744
6368	744
6363	744
6362	744
6361	744
6360	744
6367	744
6366	744
6365	744
6364	744
1504	744
1505	744
3087	744
3086	744
1977	744
3083	744
1600	744
659	744
3227	744
3226	744
1973	744
1972	744
3223	744
3222	744
3232	744
3233	744
3230	744
3231	744
5199	744
5198	744
3234	744
3235	744
5195	744
5194	744
1614	744
1615	744
1960	744
5190	744
5193	744
1963	744
2873	744
2872	744
2871	744
2870	744
2877	744
2876	744
2875	744
2874	744
2879	744
2878	744
3355	744
3354	744
3357	744
3356	744
3351	744
3350	744
3353	744
3352	744
3359	744
3358	744
5449	744
5448	744
5443	744
5442	744
5441	744
5440	744
5447	744
5446	744
5445	744
5444	744
5508	744
5509	744
5506	744
5507	744
5504	744
5505	744
5502	744
5503	744
5500	744
5501	744
542	744
543	744
540	744
541	744
546	744
547	744
544	744
545	744
548	744
549	744
6155	744
5137	744
5476	744
6569	744
6568	744
5477	744
6565	744
6564	744
6567	744
6566	744
6561	744
6560	744
6563	744
6562	744
5475	744
5472	744
5473	744
3827	744
3580	744
3825	744
3824	744
3823	744
3822	744
3821	744
5002	744
5471	744
5001	744
3829	744
3828	744
5000	744
5007	744
5135	744
5006	744
5005	744
5004	744
368	744
369	744
366	744
367	744
364	744
365	744
362	744
363	744
360	744
361	744
5008	744
6178	744
6179	744
6176	744
6177	744
6174	744
6175	744
6172	744
6173	744
6170	744
6171	744
5132	744
3217	744
2200	744
2201	744
2202	744
2203	744
2204	744
2205	744
2206	744
2207	744
2208	744
2209	744
5130	744
4428	744
4429	744
4839	744
4838	744
4529	744
4528	744
4831	744
4526	744
4833	744
4524	744
4835	744
4834	744
4837	744
4836	744
4420	744
4421	744
5298	744
5299	744
5296	744
5297	744
5294	744
5295	744
5292	744
5293	744
5290	744
5291	744
4425	744
4987	744
5510	744
7058	744
7059	744
7052	744
7053	744
7050	744
7051	744
7056	744
7057	744
7054	744
7055	744
5516	744
6998	744
6999	744
4913	744
6994	744
6995	3471
6996	744
6997	744
6990	840
6991	744
6992	744
6993	744
2998	744
2999	744
59	744
58	744
55	744
54	744
57	744
56	744
51	744
50	744
53	744
52	744
2990	744
2991	744
1940	744
2992	744
2993	744
2994	744
2995	744
2996	744
2997	744
429	744
428	744
1399	744
1398	744
421	744
420	744
423	744
422	744
425	744
424	744
427	744
426	744
854	744
855	744
856	744
857	744
850	2598
851	744
852	744
853	744
1422	744
1425	744
3474	744
2330	744
1424	744
2331	744
3475	744
2332	744
5474	744
2333	744
2334	744
2335	744
2336	744
4713	744
6699	744
6698	744
6693	744
6692	744
6691	744
6690	744
6697	744
6696	744
6695	744
6694	744
2439	744
2438	744
2433	744
2432	744
2431	744
2430	744
2437	744
2436	744
2435	744
2434	744
6341	744
6340	744
6343	4128
6342	744
6345	4128
6344	744
6347	744
6346	4128
6349	744
6348	744
5470	744
3782	744
3783	744
1805	744
3781	744
1803	744
3787	744
3784	744
1800	744
3788	744
3789	744
1809	744
1808	744
4996	744
4997	744
4994	744
4995	744
4992	744
4993	744
4990	744
6511	744
4998	744
4999	744
1547	744
6517	744
3258	744
3259	744
1948	744
1949	744
1942	744
1943	744
3252	744
1941	744
1946	744
1947	744
3256	744
1945	744
2859	2837
2858	2837
2851	744
2850	744
2853	744
2852	744
2855	744
2854	744
2857	3007
2856	3007
5461	744
1491	744
5463	744
5462	744
5465	744
5464	744
5467	744
1497	744
1498	744
1499	744
3339	744
1968	744
1395	744
1394	744
1393	744
1392	744
1391	744
1969	744
1390	744
524	744
525	744
526	744
527	744
520	744
521	744
522	744
523	744
528	744
529	744
1234	744
1235	744
1236	744
1237	744
1230	744
1231	744
1232	744
1233	744
1238	744
1239	744
1964	744
6509	744
6508	744
2488	744
6503	744
6502	744
6501	744
6500	744
6507	744
6506	744
6505	744
6504	744
2486	744
2487	744
4675	744
4674	744
3809	744
3808	744
3805	744
4673	744
3807	744
3806	744
3801	744
3800	744
3803	744
4904	744
2480	2482
4670	744
1967	744
4174	744
4175	744
4176	744
4177	744
4170	744
4171	744
4172	744
4173	744
4178	744
4179	744
1962	744
2228	744
2229	744
2226	744
2227	744
2224	744
2225	744
2222	744
2223	744
2220	744
2221	744
1	744
5925	744
5926	744
5927	744
5920	744
5921	744
5922	744
5923	744
5928	744
5929	744
4505	744
4504	744
4507	744
4506	744
4501	744
4500	744
4503	744
4502	744
4509	744
4508	744
2088	744
2089	744
2082	744
2083	744
2080	744
2081	744
2086	744
2087	744
2084	744
2085	744
7030	744
7031	744
7032	744
7033	744
7034	744
7035	744
7036	744
7037	744
7038	744
7039	744
1009	744
1008	744
1007	744
1006	744
1005	744
1004	744
1003	744
1002	744
1001	744
1000	744
4349	744
4348	744
4347	744
4346	744
4345	744
4344	744
4343	744
4342	744
4341	744
4340	744
5719	744
5718	744
5717	744
5716	744
5715	744
5714	744
5713	744
5712	744
5711	744
5710	744
3305	744
5090	744
3574	744
5092	744
5093	744
5094	744
5095	744
5096	744
5097	744
4497	744
4496	744
4495	744
4494	744
4493	744
4492	744
4491	744
4490	744
1829	744
1828	744
1825	744
1824	744
1827	744
1826	744
1821	744
1820	744
1823	744
1822	744
2411	744
2410	744
2145	744
2144	744
2143	744
2142	744
2141	744
2416	744
2419	744
2418	744
4976	744
4977	744
4970	744
4971	744
2149	744
4973	744
3311	744
3276	744
3277	744
1922	744
1923	744
1924	744
3273	744
1926	744
1927	744
1928	744
1929	744
3278	744
3279	744
5586	744
5587	744
5584	744
3319	744
3318	744
5585	744
4586	744
5488	744
5487	744
5486	744
5485	744
5484	744
5483	744
5482	744
5481	744
5480	744
5580	744
5581	744
60	744
61	744
62	744
63	744
64	744
65	744
66	744
67	744
68	744
69	744
508	744
509	744
506	744
507	744
504	744
505	744
502	744
503	744
500	744
501	744
630	744
631	744
632	744
1211	744
634	744
635	744
1214	744
1215	744
638	744
639	744
1218	744
1219	744
6521	744
6520	744
6523	744
6522	744
6525	744
6524	744
6527	744
6526	744
6529	744
6528	744
3869	744
3868	744
3863	744
3862	744
3861	744
3860	744
3867	744
3866	744
3865	744
3864	744
4152	744
4153	744
4150	744
4151	744
4156	744
4157	744
4154	744
4155	744
4158	744
4159	744
5902	744
5903	744
5900	744
5901	744
5906	6745
5907	744
5904	744
5905	744
5908	744
5909	744
3489	744
3488	744
3481	744
3480	744
3483	744
3482	744
3485	744
3484	744
3487	315
3486	744
4563	744
4562	744
4561	744
4560	744
4567	744
4566	744
4565	744
4564	744
4569	744
4568	744
6064	744
6065	744
6066	744
6067	744
6060	744
6061	744
6062	744
6063	744
6068	744
6069	744
2604	744
2605	744
2606	744
5450	744
2600	2598
2601	744
2602	744
2603	744
2608	744
2609	744
7018	744
7019	744
7016	744
7017	744
7014	744
7015	744
7012	744
7013	744
7010	744
7011	744
732	744
5454	744
753	744
752	744
751	744
750	744
757	744
756	744
755	744
1806	744
759	744
758	744
3780	744
1804	744
2958	744
2959	744
738	744
2954	744
5455	744
2956	744
2957	744
2950	744
2951	744
2952	744
2953	744
1025	744
5345	744
5346	744
1026	744
1021	744
1020	744
1023	744
5343	744
3785	744
5348	744
5349	744
5456	744
4365	744
4364	744
4367	744
4366	744
4361	744
4360	744
4363	744
4362	744
4369	744
4368	744
5457	744
3108	744
3109	744
3104	744
3105	744
3106	744
3107	744
3100	744
3101	744
3102	744
3103	744
5	744
4093	744
4092	744
4091	744
4090	744
4097	744
4096	744
4095	744
4094	744
4099	744
4991	4991
5735	744
5734	744
5737	744
5736	744
5731	744
5730	744
5733	744
5732	744
5739	744
5738	744
1563	744
1564	744
1565	744
6659	744
6658	744
6657	744
6656	744
6655	744
6654	744
6653	744
6652	744
6651	744
6650	744
2125	744
6385	744
6384	744
6387	744
6386	744
6381	744
6380	744
6383	744
6382	744
6389	744
6388	744
2381	744
2380	744
2383	744
2382	744
2385	744
2384	744
2387	744
2386	744
2389	744
2388	744
1849	744
1848	744
1843	744
1842	744
1841	744
1840	744
1847	744
1846	744
1845	744
1844	744
3250	744
4958	744
4959	744
2169	744
2168	744
3251	744
2165	744
2164	744
2167	744
2166	744
4956	744
2160	744
2163	744
2162	744
3253	744
3254	744
3255	744
3298	744
1944	744
1908	744
1909	744
3294	744
1907	744
3296	744
5134	744
1902	744
1903	744
1900	744
3293	744
1732	744
2573	744
6891	5967
6890	744
6893	744
6892	744
6895	744
6894	744
6897	744
6896	744
6899	744
6898	744
5234	744
1278	744
1279	744
618	744
619	744
2042	744
612	744
613	744
610	744
1273	744
616	744
1275	744
614	744
615	744
1490	744
2043	744
5460	744
1492	744
1493	744
1494	744
1495	744
1496	744
5466	744
5469	744
5468	744
3338	744
3595	744
5039	744
3599	744
3598	744
4138	744
4139	744
5375	744
4130	744
4131	744
4132	744
4133	744
4134	744
4135	744
4136	744
4137	744
5692	744
5693	744
5690	744
5691	744
5696	744
5697	744
5694	744
5695	744
3849	744
3848	744
5698	744
5699	744
1077	744
5968	744
5969	744
5960	744
5961	744
5962	744
5963	744
5964	744
5965	744
5966	744
5967	5967
4549	744
4548	744
4541	744
4540	744
4543	744
4542	744
4545	744
4544	744
4547	744
4546	744
1073	744
2594	744
2595	744
2596	2598
2597	744
2590	744
2591	744
2592	744
2593	744
2598	2598
2599	2598
1070	744
6042	744
6043	744
6040	744
6041	744
6046	744
6047	744
6044	744
6045	744
5372	744
6048	744
6049	744
2622	744
2623	744
2620	744
2621	744
2626	744
2627	744
2624	744
2625	744
2628	744
2629	744
775	744
774	744
777	744
776	744
771	744
770	744
773	744
772	744
779	744
778	744
77	744
76	744
2978	744
2979	744
73	744
72	744
71	744
70	744
2972	744
2973	744
2970	744
2971	744
2976	744
2977	744
2974	744
2975	744
1043	744
1042	744
5360	744
1040	744
5366	744
5367	744
5364	744
5365	744
5368	744
5369	744
1506	744
4303	744
4302	744
4301	744
4300	744
4307	744
4306	744
4305	744
4304	744
841	744
4309	744
4308	744
1507	744
3128	744
3129	744
3122	744
3123	744
3120	744
3121	744
3126	744
3127	744
3124	744
3125	744
5753	744
5752	744
5751	744
5750	744
5757	744
5756	744
5755	744
5754	744
5759	744
5758	744
3445	744
4609	744
3444	744
3447	744
862	744
865	744
864	744
3443	744
3442	744
2756	744
2757	744
2754	744
2755	744
2752	744
2753	744
4707	744
2750	744
4706	744
2023	744
4604	744
4705	744
6675	744
6674	744
6677	744
6676	744
6671	744
6670	744
6673	744
6672	744
4703	744
6679	744
6678	744
4702	744
2325	744
4700	744
5197	744
4801	744
5196	744
2369	744
2368	744
2367	744
2366	744
2365	744
2364	744
2363	744
2362	744
2361	744
2360	744
5191	744
1861	744
1860	744
1863	744
1862	744
3728	744
1864	744
1867	744
1866	744
1869	744
1868	744
3726	744
3727	744
3720	744
3721	744
3722	744
3723	744
4930	744
4931	744
4932	744
4933	744
4934	744
4935	744
4936	744
4681	744
4938	744
1613	744
4688	744
4689	744
2109	744
2108	744
2103	744
2102	744
2101	744
2100	744
2107	744
2106	744
2105	744
2104	744
5115	744
5114	744
5117	744
5116	744
5111	744
5110	744
5113	744
1610	744
5119	744
5118	744
1611	744
9	744
890	744
891	744
892	744
893	744
894	744
895	744
896	744
897	744
898	744
899	744
1788	744
1789	744
1780	744
1781	744
1782	744
1783	744
1784	744
1785	744
1786	744
1787	744
6879	744
6878	744
6877	744
6876	744
6875	744
6874	744
6873	744
6872	744
6871	744
6870	744
3804	744
678	744
679	744
674	744
675	744
676	744
677	744
670	744
671	744
672	744
673	744
4649	744
3802	744
4642	744
4643	744
4640	744
4641	744
4646	744
1965	744
4647	744
4644	744
4645	744
1256	744
1257	744
1254	744
1255	744
1520	744
1253	744
1250	744
1251	744
1528	744
1529	744
1258	744
1259	744
4116	744
4117	744
4114	744
4115	744
4112	744
4113	744
4110	744
4111	744
4118	744
4119	744
3343	744
7103	744
3340	744
7109	744
3341	744
5946	744
5947	744
5944	744
5945	744
5942	744
5943	744
5940	744
5941	744
5948	744
5949	744
1602	744
3344	744
141	744
6028	744
6029	744
6020	744
6021	744
6022	744
6023	744
6024	744
6025	744
6026	744
6027	744
2648	744
2649	744
2640	744
2641	744
2642	744
2643	744
2644	744
2645	744
2646	744
2647	744
6955	744
3557	744
3556	744
3555	744
3554	744
3553	744
3552	744
3551	744
3550	744
3559	744
3558	744
2910	744
2911	744
2912	744
2913	744
2914	744
2915	744
2916	744
718	744
717	744
716	744
715	744
714	744
713	744
712	744
711	744
710	744
1069	744
1068	744
1061	744
1060	744
1063	744
1062	744
1065	744
1064	744
1067	744
1066	744
6956	744
4329	744
4328	744
4321	744
4320	744
4323	744
4322	744
4325	744
4324	744
4327	744
4326	744
3140	744
3141	744
3142	744
3143	744
3144	744
3145	744
3146	744
3147	744
3148	744
3149	744
1630	744
5779	744
5778	744
5771	744
5770	744
5773	744
5772	744
5775	744
5774	744
5777	744
5776	744
1632	744
1633	744
1634	744
6613	744
6612	744
6611	744
6610	744
6617	744
6616	744
6615	744
6614	744
6619	744
6618	744
3500	744
1636	744
3501	744
3502	744
3503	744
3504	744
3505	744
1637	744
3506	744
3507	744
2345	744
2344	744
2347	744
2346	744
2341	744
2340	744
2343	744
2342	744
2349	744
2348	744
2067	744
3708	744
3709	744
1889	744
1888	744
3702	744
3703	744
1885	744
3701	744
3706	744
3707	744
1881	744
1880	744
2121	744
6446	744
2123	744
2122	744
4668	744
4669	744
2127	744
2126	744
4664	744
2128	744
4666	744
4667	744
4660	744
6444	744
4662	744
4663	744
6917	744
6910	744
6911	744
5173	744
5172	744
5171	744
5170	2928
5177	744
6440	744
5175	744
5174	744
5179	744
6441	744
133	744
132	744
131	744
130	744
137	744
136	744
135	744
134	744
139	744
138	744
5924	744
6855	744
6854	744
6857	744
6856	744
6851	744
6850	744
6853	744
6852	744
6859	744
6858	744
5339	744
88	744
89	744
82	744
83	744
80	744
81	744
86	744
87	744
84	744
85	744
6583	744
6582	744
6581	744
6580	744
6587	744
6586	744
6585	744
6584	744
6589	744
6588	744
3368	744
656	744
657	744
654	744
655	744
652	744
653	744
650	744
651	744
3085	744
3084	744
1508	744
1509	744
3081	744
3080	744
658	744
3082	744
3369	744
3885	744
3884	744
3887	744
3886	744
3881	744
3880	744
3883	744
3882	744
3889	744
3888	744
2484	744
1884	744
1883	744
7123	744
1882	744
3960	744
6006	744
6007	744
6004	744
6005	744
6002	744
6003	840
6000	744
6001	744
6008	744
6009	744
995	744
994	744
997	744
996	744
991	744
990	744
993	744
992	744
999	744
998	744
5098	744
5099	744
3579	744
3578	744
3575	744
5091	744
3577	744
3576	744
3571	744
3570	744
3573	744
3572	744
2666	744
2667	744
2664	744
2665	744
2662	744
2663	744
2660	744
2661	744
2668	744
2669	744
2938	744
2939	744
2936	744
2937	744
2934	744
2935	744
2932	744
2933	744
2930	744
2931	744
5326	744
5327	744
5324	744
5325	744
5322	744
5323	744
5320	744
5321	744
3799	744
5328	744
1837	744
1396	744
1743	744
3797	744
1839	744
2161	744
3168	744
3169	744
3166	744
3167	744
3164	744
3165	744
3162	744
3163	744
3160	744
3161	744
2406	744
2407	744
4983	744
731	744
730	744
733	744
4982	744
735	744
734	744
737	744
736	744
739	744
2150	744
2403	744
2400	744
4986	744
2006	744
6639	744
6638	744
6631	744
6630	744
6633	744
6632	744
6635	744
6634	744
6637	744
6636	744
2008	744
2323	744
2322	744
2321	744
2320	744
2327	744
2326	744
4701	744
2324	744
2329	744
2328	744
4709	744
4708	744
3760	744
3761	744
3762	744
3763	744
3764	744
3765	744
3766	744
3767	744
3768	744
3769	744
1560	744
1792	744
1561	744
1616	744
286	744
1562	744
2499	744
2498	744
4648	744
1291	744
2491	744
2490	744
2493	744
2492	744
2495	744
2494	744
2497	744
2496	744
1566	744
1567	744
5159	744
5158	744
5151	744
5150	744
5153	744
5152	744
5155	744
5154	744
5157	744
5156	744
115	744
114	744
117	744
116	744
111	744
110	744
113	744
112	744
3244	744
119	744
118	744
1330	744
6833	744
6832	744
6831	744
6830	744
6837	744
6836	744
6835	744
6834	744
6839	744
6838	744
1748	744
1749	744
1744	744
5498	744
1746	744
1747	744
1740	744
1741	744
1742	744
5499	744
3308	744
3309	744
5494	744
5495	744
5496	744
1802	744
5497	744
5490	744
5491	744
1568	744
1569	744
1298	744
1299	744
5492	744
1292	744
1293	744
1290	744
5493	744
1296	744
1297	744
1294	744
1295	744
5638	744
5639	744
5634	744
5635	744
5636	744
5637	744
5630	744
5631	744
5632	744
5633	744
