10
0.602211731143
24	10
25	10
26	34
27	27
20	80
21	10
22	10
23	10
28	18
29	10
4	73
8	10
59	59
58	87
55	27
54	84
57	18
56	80
51	10
50	84
53	73
52	10
115	84
114	18
88	18
89	84
111	84
110	34
113	87
112	10
82	73
83	80
80	80
81	80
86	27
87	87
84	84
85	73
3	101
7	101
108	73
109	10
102	80
103	73
100	27
101	101
106	34
107	101
104	34
105	10
39	27
38	34
33	101
32	27
31	80
30	80
37	27
36	80
35	27
34	34
60	59
61	101
62	27
63	18
64	59
65	101
66	18
67	87
68	84
69	10
2	34
6	73
99	73
98	59
91	10
90	34
93	87
92	87
95	80
94	10
97	18
96	18
11	73
10	10
13	27
12	10
15	27
14	101
17	10
16	101
19	27
18	18
48	101
49	87
46	34
47	84
44	27
45	87
42	10
43	27
40	101
41	73
1	10
5	10
9	10
77	18
76	87
75	73
74	84
73	73
72	27
71	18
70	10
79	10
78	10
